1110011
1110011111
01000
1111111111
1111111100
1111111110
101000
11100
0010000
111100
0001110
0000000111
1101111
0100111110
1110000011
0000001100
1000011110
0001111111
1100000001
0000111111
00000
0000000011
1100111100
1111111101
0101111
000000000
0011111001
1111111111
1111111
0001000
111001
011000
1111111110
110011
011111
000000
10000000
0000000000
0001000100
0010000
0111000000
11001100
11110
111111100
00000000
0000000111
1111111100
0001111111
0000000
00111
11111110
1000000000
0000001111
1000000
00000
1110011111
111111
0011000000
010000
1111111111
0000000001
0111111110
0111111100
100111110
1000011111
11100
1100000000
0000010
0001111000
1111000011
1101010100
11111110
0000111100
1111111111
1110111111
111110
000000010
01110
1111111111
11010
110000
11110
01000
0000001100
000000000
1111001010
100100
1011111011
0000000000
11000101
0000111000
1111000
1111011001
0000000000
0001111110
1111110100
1111111100
11110000
10011110
11111000
1111111111
1110011110
111110110
0000011111
1111100011
1111111111
000000
10000
1100000000
0000010000
1010100
000011
1111101
1111111111
0011111
010100000
11101110
1111111000
11100000
100111
0011111111
11110
0000000000
00000
0111011111
1111100
0000010111
0000000001
0111110000
1111111010
11111100
1111010000
10010
1000011111
000000
1001101
000100
1111110000
0000000000
11011
0011111111
1111111100
1101001111
101110
1110110010
1111111111
1000000000
0001000000
1100000000
1110011111
0110000000
001111110
11110
1111000000
1111100110
1111100
1111111111
000000
011110010
1111000000
0000100000
0010001000
000000000
0000000000
1111100111
0011111111
000110000
1111111110
111111100
11000
0011111111
0000100
1111100011
1111100
11110010
000000011
000010011
1111100000
1111110011
011000
11100
1111111000
000000
1001101111
111111
0000011111
1111111111
11000
1110101111
0011111111
1111111101
1111111111
1111111111
00001
1111111111
1111111110
00000
10010000
0000110011
1100010
1001111110
1111001111
0011110
0011111111
01010
1111100
0000100
111100
001111
1111111000
1111100111
0011011
1100111111
11111111
0000111100
11100111
1110000000
0000000000
01000
1111111111
1111111111
0000001111
1011110000
0111000011
10000
0001110100
000011111
1111111
1111111
00000000
001011100
1111111111
00100
000001
00111111
1111111110
011110
1111101111
00000000
111110
111000
1111111111
000100
0000000000
00000000
000000
100011
1111111111
0000010000
0100001011
0000101100
0000000000
1111001111
1111000
1111111110
0000100
1110010
1111111111
1010101010
1111111101
10111
0001111111
01100000
1011111111
0111110000
1000000000
0001000001
1111100
0000000011
001110
1110011111
0111101011
11000
111110
01111010
1111100011
1101100111
0000100000
1111111100
011000
111111
0000111110
0001111111
0111110
00000
1111111110
1100001100
1111111111
0111111110
00111
0001111100
0110100
1111100100
111111001
1111111111
111111
0011111111
1101100111
0000111110
1111111110
000001
0000000000
001000000
1111111010
0101111
1111111
111111111
1000000
1111110000
0111000
11000
0000000011
000001001
0111111110
1111111110
1110111111
1111111111
1111111111
0011100000
1100000000
111111111
01110
0000000000
1110001001
000000
000000000
011010000
0000000000
1110000
1111111111
1000100001
11001001
0000000000
11111110
0010000000
1110000
0000001100
1001111111
11100111
111111
111100
00000000
01111
0000000000
1000000000
111111
1110011111
111110011
100000
110110
100100
110100100
11100
0010000110
001110
110110
100000
0011111111
10010000
000000
0000000000
1011111111
1001111111
1111111111
1111000000
10111111
111110
11111111
11100
00000000
01101
11111
0111111110
0001111110
11100000
00001
1000000
1111111110
1111111111
0000001000
0001000100
111100
1111111111
1100000
0011000
0000000000
0000000001
0000000000
10000
1111111111
1000000
11101
1111100111
1010011001
1110010001
1011000000
100100
1111111001
001110
11110
000000
0111111111
11111111
1001010101
101111
1111111000
0111111111
1100010
01000
111111100
0000000000
10000
11011
1111111010
1111100000
1111111011
1110100
0001100
0000011100
110010
01111
1111000011
0010010000
1011110000
11100
000000
0110101100
1111111111
111111110
0000000000
0000000100
0111001110
1001110000
011110001
1111111111
1111101111
0100011110
1000000000
000000
1111111011
100000
1111111111
110000
0111100111
10100110
1111111
0000000000
00001111
0100000011
111000
000110
1111111111
00000000
11100100
010000
1110111111
0111111000
01110
010000
1111100000
1111111111
1111111100
1111111111
1111111100
000111
001100
0111010101
1100001111
111000
111110
000000
1111111111
1111000001
111101
0000000000
1111111100
1111111111
0000000000
1111110011
0000011011
111100000
1111011111
1111100
10010000
0000000001
11111
1111111111
1111111001
0011000010
0000000
1111100
110000000
00111000
0000100011
1111111111
1111111111
11110000
10011111
101000
0000000
1111110000
0000000000
011110
0010101111
0001010000
11110
1111100011
11111111
1111110010
1111100110
1111100000
1111111000
11100
00000
0111100001
1100111
11111111
1111111111
011100
1111111111
00000
1100001111
0111000
0000111111
1111111110
11111110
111010
1111111111
0001000001
1011111110
110000
1110011111
111111111
0000000
1000000000
111000
1001111111
111111111
0001100000
000000
1111111111
1001111111
00000
00100
1110011111
1111111111
0010010
1000111001
1001100
1111111111
1111111111
11110
0000010000
1111111111
1111110011
0000000001
000000
10111
0011111111
1100111100
111111
0011111100
1111100101
0000000000
000000
100011111
10000
0000000000
111111
100010
0000000000
00000
1101000000
0111111001
00000000
111100
001101100
1111111100
11000010
1110111111
110000
1000000111
111111110
1011111111
0011111111
1111111111
11100
0111111111
11111
1111111111
1111000111
1001111000
111111
111100
1111001111
00000110
0010111011
101110
1111111000
0000110
0000000001
1111100111
1111111111
0011000
1100000000
0000000000
011110
1111111110
1111111111
0000011111
1111111
1111111111
0011111100
11111000
111000
1111000000
111000
10011000
1111101101
0000000111
1111111111
1111111110
000001
0000001
1111111111
0000001110
0111111011
0001111111
100010
1111001111
11110000
000000
11110110
0000111
0100011000
101010
0000000111
0000000000
0000000000
1110011110
0000001111
1111111110
0000000000
111111110
1111111100
0011110
0111101011
0001111111
00000000
00000
100110
11101
100111
1100000000
000000000
1111111110
1111110
11100111
1111111111
11000
1011111111
1100111111
0000000
001100
000000
1111111111
1111111
111000
1001111111
011000
11010
0111111111
11100
10011
0011110
11110
0000000110
0000001100
110000
11100
1111111111
001110
111001
00000100
1111011110
1111111111
1111111
111111
0000000111
1111101001
00000
11101100
1000010000
111111
11111110
110100
0000000001
1111111111
000000
0010010
0000000
1110111110
1100111111
111100
111111
0000000110
1111111111
00111
0000000000
01111100
111100
01000
110000
0000000000
1111110000
1111111111
011001
11110000
1111000111
1110011111
00100010
1111100000
001111
000000
11111000
1111110001
1111111101
0000100000
010101
111100000
01111
0111111110
1111111000
1100000
1111100111
1111110
1111011111
00111000
1100001001
1111111111
1111111
11100111
00110
1001001011
000000000
0000000000
110000
01111001
110010
1100001110
111000
1001111111
10000000
0001111111
1011111000
011111111
0000000110
100000
00000
1111101101
1111111111
1111110011
1111111
0011111110
0001111000
111100
11111100
0000000
010001
1111111110
1111111111
1001110011
1111111001
1111101
0000000010
0111110000
0111100000
1111100000
0000011111
111111
0011100000
1111110011
1110011001
000110
1111001111
000000
0000000000
0000001010
0000000
1011110000
0110100001
1111111111
1001111110
11000
000000
1111100011
0000000000
1000000001
10000
0000000010
1001110
111001
0000001000
1111111111
111111111
1111111011
010110
0111111111
1011111100
0111110
0000001000
1001100000
000111
00011110
0111111000
1111111101
1111111111
0000000010
0000000000
1111100000
0000011100
000111
0000000000
1111111111
0000000010
0000000000
1111111111
1010011
111111111
1111111111
0001111
1001111111
000000
1111001111
1111111111
1110000
0001111111
1011111111
00001000
1010001110
1111100011
01111110
0000000111
0111000111
11111
0111111110
00111
111111
1111111011
00000
1000000000
1100000000
1111111111
0011111001
0000000000
000111111
000000
11111110
000000
0011110000
0000000000
1111111100
1111000000
11011
0011111111
0100000
111110000
0000000000
0000000000
1111111111
1010111101
111110
111111100
1000010
111100
111101001
11111101
000001
100000
1111111
1111111111
111111110
1111111111
1111110
011000001
111110
1111101111
00000
11110
001100
00111111
011000000
1111110110
0000011111
1100011000
0011111101
1111111111
111111111
000011000
1111111
1000011
111110
1111111001
1111111111
1111110011
000000
1110011111
11111
10100
0011111100
1111111001
01111
0000000
1111111111
001001110
00000
11111
110000
0000000000
0011000000
1000111111
11110
11111
1111110000
01110
1101110011
0000111
00000000
1111111111
001000
111010
0001111111
1111110
000000
0001110000
1111111111
1111111111
11100100
110001
1000100
1001111
0000111100
1000000
11100
0000000011
1111111110
1111111111
1111111111
0000000
0000000111
1111111111
1100010
1111111
1111111100
1100111111
0011111111
1101110011
001000
1000100000
111111111
0000000000
1111000000
01110000
111100
011111
1100000000
10000110
1111111111
11110
001110
0000000
001111110
110001011
0000000000
0000000
1111111101
111110
1111111111
000000
00000
0000011111
0000000000
1111110
1111111111
0111111111
011110
1101110000
000011100
011110
00000
0000000000
1110011111
111111
111110000
00000
1111111111
111111111
1111111111
000000
0000010000
111100
1111111111
1010110001
111111
111110
1111111111
001100000
001111110
1111111111
011000
0000000
1111011111
00000000
0000111110
000000
00000
0000000000
11001111
0111111111
0000000110
0000110000
11111100
0000000
111000
00010100
1010000011
0000111000
1010110011
000000010
110001
0110001001
1111111100
1111001100
00010000
0100000010
1111111111
1110000111
1111001111
1111111100
1111111111
1111001000
010011100
0000000000
111110010
1111111111
1100000000
0000000000
00110
011111110
000100
0000011111
1111110111
1000000000
111101101
110000
1111111100
1111111111
000000
1111100
01110100
0000000
0010001110
1110000001
0000000011
000000
100000
110001000
010011
100001100
1110000000
111000
1110011100
0011110
1100001
1111111111
00000000
0111111001
1111111110
1110100001
0010000001
1111110000
111110
00000100
1011111111
000000110
100111
01100000
0110000001
011011
1110011110
1001100011
000000
111110
1111100
10111010
1011111110
0111111111
1111111111
1111111111
1110000000
0100010
1111110
000000
0000001111
11110000
0011111111
0000000010
1100010111
000000000
11111110
1111111
1111111110
1111111011
000001000
010000
11111110
0000000000
01110
0000000
00000
111111111
1111111111
0000000000
0010000
0111000111
1011100
000010
1111100
0111101110
1100111111
11111111
1111110011
1111111111
111111
1111111111
0000000
0011111101
0000000
0000111100
1000000000
0111110000
0011111111
00000
11001100
000001
0111111100
0000100000
0111000
1111100011
1111110000
1110001000
1111111100
10001001
0000000000
001110
1111111111
1100000001
11111100
11000
1111100001
1111111111
1111111100
1111111111
01000000
00010
11000
000000000
110000000
1011111111
0100111111
011111
1111111111
0111110000
1111000
1111110011
1111111111
111111
11001101
1110011110
0111000
11111111
000000000
0000000000
0000000111
111110
1001110
1111111111
0011111111
100011
1111000011
1111111101
1111101111
0011111111
11110
1111111111
0000000111
0110111111
1110101110
0001101111
0111111001
000000
11000
1111111100
00110
1111000000
11111000
1100111111
1111111000
00100
111111100
0111111111
10000000
1111111110
0110000001
1110010
0000000000
1001111111
11110
1110110
0000111110
1100001
0000000001
0011000
1111111111
0111110111
1111110010
0000100100
00000
01111010
011100
100000
1111110000
11100
0111111100
0010001100
0001111111
0011011111
11000
11110
00000000
100000
0111111111
1111110011
00011000
1111110000
1111110001
0111111110
0001111111
000110
0100011111
1111111000
100110
1001111111
1000100000
1111111111
1001111111
000100111
0000000000
111111100
1111110111
0111001111
0000000101
111100
0000111000
1111110000
0000000001
0000000000
0011010
1111111
0000000000
0000001110
0010010001
0000000000
1111111111
0011100001
1110111111
11000
00000
1111111111
1111111110
111111
1100000
11111
0110010
0000000000
0111111111
100111111
1111111001
0000111111
1111111111
111111110
0000000000
1111111111
1111111110
000111111
1111111100
0011111100
1111000111
01110000
1111111111
11111111
111111
1111111100
011000
1111111010
010001
0000000
1000000000
1111111110
10110111
1111111111
0000000111
0000000000
11111
100000
0011000000
1110111110
0011111110
110000
11111001
0000000000
0000000000
0000000100
1111111111
1100010001
1100001
1111111111
011111
000000
1101110011
111000
011111100
1000001001
1100000000
1111111111
1111000
111111111
0000000000
1111110011
1100000000
0011111
1100000000
0101111
1111111111
0000000000
1111110000
0001111000
1101110
0000001000
0011010000
111000101
0001111011
000000
1111111111
1111111111
11111110
0111111111
1111111111
0000000111
1111111111
1100001100
1111110001
00000
0000000
000100
1111111111
1111111111
0100000000
001111100
0000001100
1001111
110000
0011111111
1110011111
11110
111000
0011000
0011111111
11000
00000
00000001
10011
1111111111
1111111110
1110000
0000000110
0000000
0000000000
1111111110
00000010
0000000000
1111110111
011110
1111111111
1111111111
010001
1111111000
111110
0111111111
1111111111
0111111
011111
000000
01100
11111111
1111010000
1111111111
1111000000
011111100
00111110
1111111111
00000
1111111111
1111110111
1111111111
11000
0000001111
011111
1010110000
0000001100
11111110
0111111110
1110111111
111110111
1111111111
00110
1011100000
0010001000
111110
1111001
0010001100
11111111
001111
0111101111
1111111111
111111
1111111100
1111111111
1111111111
11001111
1111111111
00000000
0000000000
1111110000
10110
00011000
0000000000
1111100000
1111001111
11110
0111111110
11111
0111110000
000000
1000011110
10000
00000
11111000
0001111100
011000
11011111
1111111111
1111111110
110110000
0001111111
1111110
000000
0000000000
000000
1111101111
0111001101
11111110
1111111011
1110011000
11111110
01111101
0110011111
111000
1111111111
1111100
011100
0011111100
00000
111110
1110001001
000000
0011111111
1000000011
100010
0111111111
00000000
11011
111111110
01011100
11110000
110011
111000
11110
1111110010
1001100
0000000000
0000001001
10000110
01000000
0010000100
1100111111
0000110
1111011
1110001010
1000000000
000000
11000
1111111111
1111111110
111000
0000011
011100
1110000000
000001100
0111111111
0001100100
1000011110
111111
110000000
1111110
1111111111
1100011111
1111111111
00110
1111111101
1100111111
1111101100
1111111111
000101
110000
1100010110
0011111111
11111
1111110
0001111111
0011111111
1111111111
111110
000000
0001111111
0001001111
11111
000010010
01000
1010100000
1001110011
1111111111
00111
0000110
0101000
1111111111
0000111000
111111
1111111100
1100011000
0000000
0010000000
1111111111
1111000011
0000001111
1110000
0000011100
1111111111
011010000
1010100000
1111111111
10100
11111111
0011011111
0000000000
1111111111
0111111111
00000000
100111010
110001
11111
110001110
1111100000
00100
101110
11000000
000100000
1110000110
1111111101
1110111100
00000
11111110
110000
1101111111
1100111110
11001110
1101111111
0011100111
00100000
000111
0111100011
1111111111
111000
1001011111
111100
0111011100
0000000000
0011111111
1111100000
100000
0000000000
0000000000
0011000000
1010010011
0001001110
00000100
11111
10000
1010000011
0111100110
0000000000
1111010011
1111101111
0001111110
001100
1011110
11110010
111100
1100000110
111100
0010000
1111111111
1111111001
100001
0001110000
111100
01111111
1111111000
1111111111
1111100000
110000110
100000010
110011
1001111111
0100000111
0011111111
1111111111
1111111001
0001111110
0001111111
100111
0000000000
1111111111
111111111
000011100
1111111111
1111110000
0001001
1100011111
0000000000
1001100111
0100000
1111110011
1111111111
1111111111
001001
0011110101
100000
1111101111
0110011111
1111111111
001110
00000
111110
1111110
0000000000
00000000
0000000000
1111111
11101100
0011111
0010001001
0000111110
1111000000
10000000
11100
111111
0000000000
11100111
11111000
00111000
1001111111
0000000000
1111111111
1111111111
1000000
01000
11111110
000000
00011111
000000000
0000110000
10110
0000000
0101110000
0001111111
1101101
00000
110110
1111100010
100000
1111101111
1000000
1111111111
1110000011
1111100000
0111111110
00111
1111111000
0111111110
0000000000
1111111000
1111001100
111100
0011111111
1111111111
110000
1111111
111110
00000
1111111100
000100
1111111111
00100000
1111111111
00001100
1111100000
1111111111
1100000000
1100111111
0000000000
1111111111
1111111111
000100
0011111111
1111111111
0111111000
111111
0011110111
00100011
111011
0000000000
1111111111
111110010
000100
000001
0000000000
1100100000
0000000
0000000100
1111111111
101010
1111110011
0000011110
11000111
1100001110
11011
0011111100
1111101110
0111111111
0000000
110100000
0001110000
1110100111
1100010
1111100111
0011111111
0000010011
00000000
1111100
0100111111
1110111111
1001111101
011010
0001111100
1000000000
111100
00000
1111100111
1111111111
1000001000
111000
0011111111
00111
1111111111
1001111111
111111
0010011000
100000
0000111111
11111111
1111111000
1111110111
11110
0000000000
1100000000
1111111111
1111111111
11111010
1110011000
0011100000
0111000000
0000011111
11111110
0011111111
10001111
1111111
1111111111
111000
1111111111
1111111111
1100011111
1100011011
0000000000
00110111
1111111001
1110000010
1111111111
111110
00010000
1111001100
111000
1000111111
0000000001
0111110011
0000011100
111100
0001011110
0111111000
1111000
1111110011
1111111011
11011110
11111111
0000010000
0000000001
1111111111
0000000011
00000
0111001111
0000000000
1111100
100110
1111101001
0111111001
0111001111
0000001111
11010
011000
1111111111
00000
1001111111
1000000000
1111111111
1111111111
000000
0001111111
1111111
11111100
0001110011
001100
011100000
00000
1111111111
001111000
0000011100
100110
1110011000
111110
011000
1111110
00110000
11110111
11111100
111000
1111100111
100011101
11000000
0000000010
1111111111
0000001110
0000000100
1111111
0010011111
000000
001100
1111111111
1000000
00000
1110000
1000001011
011000000
000000
011110010
00001
1111111111
0000001
1001111111
1111111111
111100
1111111001
1110001111
000000
000000
0001111101
11100
1111111111
11111
0011111111
111111001
0011110
11100
0000111010
0001100010
1111100011
001110
1110000
1111111001
001000
0000011111
1111111111
01000
0000000000
1111111111
1111001001
1111111111
0010110
0011111110
10000
111100
0000000
1111111111
111000
1111001111
0011111100
11001001
11000
1111000000
1111111111
1110000000
000010
1111111111
1100001110
1111001111
1110100011
1111111101
10000111
000000000
0001111111
0011110010
111110
1111000000
1111111001
1110000011
000010
1101001100
0000000000
1111111111
1110000000
111110
0000110
11010
1111111000
00000
1110110
1111111111
1111101111
1111100
111100111
1111111001
00011101
100010
0000100110
101110
111100010
1111111
0100000000
11000
111111110
0000000000
0111000
0111111111
1110000000
0001000001
000000000
1111111111
000000
0000110011
100000
000100
010100001
11111
1110000010
01111101
1001111
1110011111
001100
1111111001
11111111
11000
111110
1111110010
0000100000
1001111110
0010010100
0000000
0000000000
00110
1110011111
1101111111
1111111111
1111111110
0000000100
1111111111
00011
1111110101
1111111111
0100110
111111
00000
001111
1111010000
1111111111
111110010
0000000000
1111111111
11111111
100001111
0110011100
11111
1001111
111111110
1000110
111110
1000000000
111100
1111111111
000000000
1110100111
0011111111
11100100
0111111111
1111111111
1001000111
1000000000
00011
1110010011
0111010111
000110
0111111111
1101111110
111111110
000000
1000000000
100110100
1111001111
000000
1001111000
1111111111
1100000000
00001
0011111111
1111111111
000000011
10000
0100000000
1110000001
1100100000
0000011000
1111110000
111100
111100
1110111111
0000000000
0000000000
00110
01100100
0000111001
0000000000
1001011111
11010
1111111111
1111111
011011
10011
00010
101110
1111111
1110000
0011111000
0000011010
011111
000000
000000
0110000000
1111111110
1001111110
0011110
00111110
11110000
0111111
0000000011
0000011000
11000
1111011111
000000
110000
1111111111
1111010011
110010000
011111
1000111111
000001110
1110011111
0100000000
1111111110
1111111111
11110
11110110
0101110101
1111000101
1111100000
0000000010
0011100
11110000
0110010000
1011101011
00100
1111111111
1101011111
110000000
01100
11111
111111100
11101
1111111000
0000000111
0111111111
1111110000
100000
1110011000
0000001111
1111110000
0111111111
1111111111
1111111111
111000010
0000100000
0111111111
000000000
0001010000
0001111100
010011111
1111101111
0000011111
0101000
000000000
000000111
1000111111
110111111
00111100
111000
00010000
1100100000
101111
0000001111
00001000
0000000000
0111000000
1000100000
1000011
1111111110
0000000000
1111101111
001000
1111011111
111111111
0000000011
1111110
111111111
0000000000
00011
1110000000
010011
1111100
0000000000
0000000000
00000
1111111111
1000000000
1111111100
0000000000
0011110000
1111110
00000000
1111000000
111011
11000
1110000010
0000000001
01111
0111000
0010100100
1100000100
00000
11111
0110011111
1110000111
0000000
1111111100
1101100011
0111100
1111111111
100110
1111111111
111000100
1101011111
0011001110
1111111100
000000
010011
0001100000
0111100011
0111111110
1001111111
000000000
1111011111
1110000000
0000000
00000100
0011000
0111111111
1110000100
000011000
11000010
0000011111
0000000000
1111100111
10000
110111
0000000000
0000000
0000000000
00000
111100
1111111111
1100110011
0000001000
1111111111
11111110
11100
1100001111
111111110
11001
00000000
101111
1111001000
011110
10011
1111001100
1111000
11100111
0001111
0111111111
1110100110
11111000
1111000
111110
0000110001
1100000
0010100
1110111101
000100000
0111100
111111101
100110
1111110
0001101000
0000001011
11100000
110000
00000111
00111100
000000000
1100111
1111111
00111110
11100001
0100000111
0001000
11111000
100111
1111111101
1111111
0000000011
1111111110
1100000
1111111111
00000
1110000
0001111011
1111000001
000010
1111111111
1111011100
000011100
0000000010
1110000000
0000000011
1111011111
0001000000
1010000
1111100010
1111000011
1111000
1111011011
1001100000
000000
00011000
01111000
1001110000
1111111111
1111111100
000111000
0000110000
1110001111
0110011100
0000000000
11000
000010
11110
0000000
011110
11111100
01111101
1011111100
1111111111
0000001000
010011
1111111101
1011111111
1111111111
1000111110
1111111111
0111111111
000000
1100010001
1111111111
1100000
1100110000
1011000
110000000
000000
0111110111
11000000
0111111111
1100001101
000001
1100000
00111
0011111111
110000111
0000000
11110
10000000
1110011100
1111111
1111110111
1111111111
0011111110
0110000000
100110
0000000000
111111110
0011111
000010
011110
01110
011111100
1111111111
1111111001
0000000001
11111101
0110000000
0011111111
0000000000
1111111111
1010111010
11111001
1111111110
1111111111
1110001111
1110011100
1000011000
0010000
1111110010
0000100
0000000001
111111110
0011111111
1111110111
001000
011100
1010010010
0000001
0000000000
000000
1111111111
0110101100
0011111101
111111110
1110000000
1111000000
1111111111
000111
1000000
1111111111
1000110
1111001
1011111100
1000111110
1110011110
0000100011
00000000
11111111
1111110001
1111111110
00000
1001101110
111000000
1111011100
00101100
1111111111
1111111110
110011
001100
1111010000
1111110000
0011100
11000
1111110000
1111111111
0001111111
11100
00110
10001000
111111110
0000011111
11111100
10001000
1111000
0110111111
1110011110
111110
0011111111
0000000
00000000
0000000000
011000
0000000
0000000000
01111
1101111111
1111110
0001110001
1111111111
1111111110
11100000
111110
1001000010
0000000000
1110000001
0100011001
0110011
1111111110
00000
0000000000
0011111111
11100
00001110
11110
1110100000
0000000
111111
000010000
1111111100
1001111000
0111111111
110000
00000010
00001
111111110
11110
1111111101
00000000
1111110111
1001110
0011111111
0100011
1111110110
00000000
1111111000
1111111111
0011101111
11111
011100
000000000
00000
00000
0011000001
1111111111
000100
1111001111
0111000
0010000010
1111100111
1001100110
0000000000
11100
101000
0000001
111001111
0011111110
0111111111
10010
011111
1111111111
0000001010
1111000001
011111111
1111111111
1100111
100001
10111100
0111001110
0000010011
1001111111
1111111111
0000000000
1111111110
0000000000
1111111111
0111111111
1011111111
0111111111
100001110
1111111110
01111
1111110000
1110111
1011111111
111000110
0111111111
1111111111
1111111111
1100000000
1001111111
0000000000
1110000
0110000
0011111111
0000001111
1100110
11110
0000100000
1111111011
111100111
1111111100
1100000
0111111110
0000000
0110100001
0001011101
0001111111
111111000
0000000101
0000000000
0000000
0000000000
0000000010
110000000
0000000001
111101
1101001111
00000
000000
1111110000
1101100
0000001000
0000000001
0000000
1111111
0111111010
0000000
001100
0000000000
1110001111
1111111100
001111000
0001000111
110000
100111
1111110111
111111
11100
1111110
1111111110
1111111
1111110101
0000000000
000000
0100000110
0001111111
0100011111
1100011110
011111111
111110
1100111100
1111111111
00000000
1111000111
1110011110
1101000
111000
1111110
11110000
1111110000
110000000
1011110
100000
1001000
0011111111
011110010
1101111
1111100
000000
111111110
010010
10110
1101111111
0011111111
01101
11111
1111111100
000100
00110
1111111100
111110
0011000000
1111111100
00000000
1111111101
0011110000
0000000000
1111000
0111111000
11111001
11000000
1100000
1101111111
1111001111
100100111
1111000000
1111111111
1111111011
1101101
1111111111
00001
1110000011
00000000
100000
0000000
0000011111
00000000
0000111111
0011000
00000000
000000
0111111111
1101010101
000000
0000000111
001110
111100
1111110000
0011111111
0000000001
111000
1111111111
0000000000
0100000000
111000
110011
0000000
011100
000000
0000110010
0011111110
0011101111
11111100
1111110111
0011111110
00010
1111111111
1000101100
011100
000000
1000000000
11111100
10111
0110011
1111111111
1001111111
1111110
00000
0011111111
000110000
1111111110
001100111
11111111
1111100000
1111110011
1000001000
100000
1000011011
111100
1011111111
0000011100
1000001100
1111111110
1111111111
110010
1111111111
1111111111
0011111111
1111001
1110111111
1111110000
1111111100
0111111
1110000000
111111
1111111101
111100
000011101
001111
11100000
111111010
00111111
0011111111
11111
1111110000
10011110
00011110
11111
1111111111
1111111111
1111111111
11111100
01000
0000011000
1111101001
0000111011
1111110010
00000
0011111100
11111100
1100000000
1000001000
000111111
001100
0010011111
1111111001
0100000011
1111011111
100011
11111
0011000011
111111
000000000
0000100
0000000100
1100111111
1110100100
1111001111
0000011100
0001000
0000011111
00000
11110
00000000
1111000011
00110
0000000000
0000001
0000011000
01100
01000
111110
000001000
10000000
11110
1111111111
11110
1111111111
0000001111
11111111
111100110
1111100
0000000
1111100000
0000000000
1001100000
001000
1001111110
1111111011
1111111111
1111111111
0001100100
1111111000
00111
1111111100
1111111111
1001110
0000000000
0011110001
0101100000
0000000000
1111111100
0001111111
11111
1111100
1100101111
0000000000
1100011
100000
1111111
0000110001
0000000
1010011111
00000001
1110011111
0000100111
1111111111
0001000011
1000010000
0000000100
1110000000
111100
0001100111
1111111101
1001001000
11110
1111101111
1111111111
111111000
01100
0000001000
1111011111
00001
1111111111
000000
01000
111100110
0000000000
111110
0000001111
1111011111
1110011111
11000000
1111100000
1100000011
0000000000
0000110111
0000000010
1110111111
1111100111
0000000000
1001111111
00000000
0011111111
1111100000
0000000000
1111000010
101111110
1110000
0000000000
1111100111
111111110
1101000
1110011111
00000
111111
111110
111110
1111111
0100000
000000001
11100
1100000
0111111100
110111111
0111111111
1110011000
1000100
1111111111
1111000000
1100000000
110100
1100111111
0000000100
111011
0111000111
0011000011
0111111111
100000
1111011111
1111011100
0000110011
0011111111
01000001
000000000
111100
111110000
11111
10000001
0011011011
111100110
100000
00101
11111111
000000
1111000
1000111111
111111100
0001000000
1111100111
001000
1011111
1110111111
0000000000
1111111111
011111
1111100011
0000100000
11100
11111101
10001
1000000
1111111011
0011111111
1111111000
11110010
11100000
1100001
110000
100010
11101110
1011000011
0011110011
0000000011
1111111110
1111110001
000100000
1001111110
1111111111
0011000000
10000
00011
000000
11110111
11111100
000000
0000111
1111111111
1111110001
0110000000
10111
1100111110
0000000000
11100111
1111111111
0000000000
1111100111
001110000
1110001110
1111111100
0111111111
0111111110
00011
1111000111
000000000
1111110100
1111111111
111000
111100
0000000000
0111111111
0111111111
0000000000
11000000
0011110
000000
1111111000
1111111110
011111100
0000011111
000000
111000
11111100
0000000000
000001
111110
111111111
111000
0000001111
000000
000000
000000
01010
111110
1111111110
0011111111
0111111000
111000
0000000000
000010
111111110
1111111001
0011100000
1100000001
1111001100
01111
0000010000
000010
010011
110000
01100
0011111111
101110
000000
100111000
000011
000101000
10000
111010
0111111111
1111111111
11111
0011100001
11111110
11111001
1111100
0000000000
0100000001
1111111100
1111111111
1110000011
1111111111
0111111100
0011111111
0111111100
0111111111
0000001100
0000000000
0011000000
0001111
1100000111
000000
11000000
00001000
00001100
1111000111
111110
000000
1111111111
111100
0000000000
111110
1111011111
111110
1111011111
001001
111110
11100
11111
1111111111
1111111110
001111
0011111111
10011
111000
11101110
0111111111
10100000
1111101011
101000
1111111111
0001000010
1000000000
1000000000
0000000
0001100110
111110000
1111111111
001111
1111011
0000000000
1111111111
1110000010
1011111111
1111100111
11000
110111100
0011111100
1101011111
1110111111
1111111111
11000
1111110000
000000
0000110
1100000011
0111111100
1111111000
1111111111
0011111111
1111011111
000000
1111111110
101110
000000
1111111111
000001
1110000011
1111111110
1000111000
1111110000
1111111111
111001
1101111111
001111
111100
00000
0110001001
0111111
00000001
111111111
00000000
1111000000
1110101111
1111100
111111
0000000000
000000
0000000000
1111000
00000110
1111111111
1111111111
000000
11111111
1111111111
1111001111
00000000
0001110
1001100001
0000111001
110000
1111111110
00010
1100001
00000
10000
111110
1100110101
00000
1101101111
1111110001
00000
111000
00111
0000000001
0011101110
1111000111
1111001111
111110
111110
11000
1111111110
00000
0111110111
111110
011111110
011100
0001111111
1110011111
00111110
1010000011
1001100110
1111111
111110
1111111111
0000010111
1011111111
111100000
1111110111
11111100
1111111110
0001111111
1111111111
111100110
1101011111
111000
0111011111
00000
1011100
0111011111
000100
11111111
0110011111
000000001
0000001100
0000110010
0001111111
00100
100111
111110
11111000
1110111111
0000011110
100000
1111111110
111111000
00000
00000000
110001
1111111111
1000000000
0100000
0111111110
0000100000
1111111000
0000000000
11110000
000111
000000
0001001100
1111111000
100000111
1111111111
0000000000
1111110111
1100111110
1011111
0100111
1111111111
10010000
00010
000110
100000
11011
111000
10000
1111111111
1111111111
1100111
000000
0001010000
1001111
01111
1111111111
11111110
110011
1000111101
110000
11110
111110
110000
1011100
1111111111
001110
1110111111
1111011111
0010000
11100101
0001110010
000011011
010000
111111110
1111111110
1111111111
1001111111
1111111111
111100
10110001
1100111100
111000
111001
0011110000
1011111111
01000
1111111110
0000000000
0111111111
010011
1111111111
1111111111
1111110110
0000000001
011101
00000010
10111100
00000
1111111111
111111100
0000000000
111110
00111000
1111001011
111111110
00001000
0111001
0000000
0000000000
1000100
111000
0100101
011000000
1111111001
1111111111
0000000000
1111100011
00001000
11000
1001111111
0011111111
11000
1111100111
01110000
0000000
1111100100
00000011
1011011100
1111111111
0111110111
0011111100
000000
0000000000
1100000
101111
0011000111
00000110
0111111111
0000000001
00110000
1100001000
100000
1011100000
11100000
00001
1110000000
1111111111
11111110
0001111
1111000001
00010
11110000
1111111111
11111110
11110
0000000000
11110
111111111
1000000000
0000000000
1111111000
01100010
1111111111
11110
0000000000
1110011111
0111110000
0011111111
0000111111
00000110
1111111111
1111111000
0000001101
1100011001
1111111
1111110111
0000100000
111111
0111000000
0011100111
11110000
11010
1100000
1111000
11111000
00000000
1111111001
1011111011
10000000
0000000000
0000111101
0111000011
0101000111
00111
00000000
1111111000
0000111111
0000000010
0000000
1100111010
1111000000
0100000000
1000011111
0100000000
000000
1111111101
1111111101
0001111100
100010
1111110111
111100
1111111110
1001111
010000
0111110011
1110010000
1010111111
000000000
1001111100
1001110000
0000000000
0000000011
0000000100
110111110
1111111111
1001011111
11011111
0001111111
111111
000000
0001111
0011111111
01111000
00011000
1111111111
1111110
1110011111
1111111111
00000
1111111111
10000000
0111100000
001111
111111111
0001100001
0100011
1110001110
000000000
111001111
1000111111
1111111111
010010
0001100
1100001111
010011
1111111110
011110
11000
11111011
1111111010
10000000
111111
0111111111
1111111111
0000011000
100011100
001100
1111111100
111110
11111
10001
11001100
1111111111
1000000000
0010011111
0000001111
11111111
1110100
0001100000
1101111011
1100000111
1111111100
000110
10011110
1111111110
1110011110
0011000000
111100
1110000
1010000000
000000
1100000000
000000
0000011100
111100
1100110111
111000
0111111111
1111000
1111011111
111110
000100001
1111111100
1111111111
010110
111110
1111111111
0111001000
1001000000
1111111111
001000000
00000000
1000000000
1111110111
1001010111
11100000
111101
0000000000
000100
1011100000
1111111111
000000000
000111111
111100000
1111111111
1111110011
00111
111111110
1111111111
1011111011
001000
0000000000
1111111111
00000000
1000111111
1111111000
1100111000
1111111111
1111111000
10111
1011110
000000000
000111
0000111100
1111111111
0111110
100011
00011
1111111100
111100
110000011
1111111111
0110111
10001
00000
1111111000
011110
0011111110
100000000
11100010
1111111101
1111111111
1111111111
110000
1110001100
111000011
0000000000
110111111
0011111001
0000011111
1111111111
1111000001
1111111
0001010000
00000
0000000000
1111111111
1111111111
0000000000
010000
0000000000
00001110
0000000000
0000100
0010000000
1000100011
1100011001
00011111
0000000000
0111111111
11111111
0111110001
1111111
1101111111
1110001111
011111
0000000111
1111111111
011000
1100111111
1111111000
1111111111
00000010
111111
0000000000
1100110011
1111100011
1111111
1111000000
1110000
001110
111100
000000000
00010
0000111100
000000000
1111111100
0001000000
00000000
00000001
0000000000
11110
111100110
000000
0110000000
1100001111
0000000
000010
111111110
1111111111
1111110100
10000
1111111110
000000000
1110111110
1111100000
1111110
0100000000
000001
11100
0110000111
1111110111
1001111111
011100
10011100
11111110
110000000
000000
11100
100111111
1000000000
1111111111
1000111111
00110010
0000000000
00000110
0000000111
1110000
1111111111
1111111111
11010
00111100
0001111
111111110
000110
1101111001
0010011
00111100
0111111111
0100001001
1111001111
00000
000001
000000000
111110000
0000000000
001111111
11000
1110001011
001110
11111111
1011111111
0000001
00011
000001
0010000011
11111111
0000111111
0011111111
1111000111
1111111111
0011110001
1111001111
1111111111
1111110
000000000
1111110111
100000111
1000101001
1111111
11011
0010000000
01111
0011001111
1111111111
1111111100
001111100
0101111111
1111111
0011111100
1101111101
11111110
1111111111
1111111111
0111011100
1111100110
0000000001
110000
011111
100010
1111100
110111001
00000
111000011
1000100
00000
0111101111
100000000
1111111100
01000
1000011111
111111
1111100111
0001111111
1111100
0000111001
00000000
100111111
0000000010
1111110
01001110
1111111110
0000000
111110
00001
1100010
11100
111000
0000000000
000000001
1111111111
1110101111
0101111111
1111111110
100000
111100001
000011
1100000011
11111110
111110
1111111111
10001
1110111101
000000
0000000111
001111
11111111
000000111
0000000000
11111100
1110111111
1111111
100000
101000
0111110
0011001111
111111000
000011
01111
1111000
1100000
1111111111
1111111111
1100111110
0100000011
0000000101
100000000
1000000000
11111111
1110111111
1001111111
1111111111
11101101
000111
1110011111
0000000000
1110111111
0011110
1110111111
00100
10101111
110100
11110
1110001111
110000011
11111110
11110
1100011111
00011110
001010000
1111111111
1100111111
1110011
1111011
011110
11110
1100111111
000001
111000
1000010010
0000011110
0000000000
0000000000
1111111100
100110
0000001111
0011111
01111
1011111111
1100001111
111100
0000000
0000111000
1100100
001100
111110
111100
1110111111
10011
1111111111
0001000
1111111001
1111111011
1011111001
111000
00101
000100000
1111111001
1111110011
011000
0000000000
11111110
0011110011
1000001100
111110
1111111111
0100011111
1111111100
0000000100
10100
11000110
1111111111
1111111110
0000000000
0001111111
000000000
1111110001
0011001111
00000000
11100
0011100111
1111100011
1111111110
0011111011
000110
010010
1111110011
1111110000
001111110
00100
00000000
11110
1111111000
0011111
1101000000
001000
0111111110
0100110000
1111101110
10000
111011111
111110
1011111111
111110
01110
1101111011
11100000
10010
0000000000
1111100000
011111
1000000001
011100
1111111111
1000001000
0000000
00000000
011011111
11110
0111111000
00010001
000110000
011111100
0111001111
000100
1111011110
1111000100
0000001111
111110
1111111110
00011
1111111110
1111111111
001001
0011100001
101100
011011111
11110000
0101011111
1111001100
1000000000
11110
011001110
1111101
1111100
1100111111
11110000
11110
00000000
0001110000
0111000000
1001111101
1010101010
0011100000
001111
0000000000
0011100
11110100
0000011000
00111
1100010010
000000000
010000000
1110110101
000110000
111111110
1100101
001001
00000110
0000000000
1111111111
11110
1000010
00111110
000000
1110111000
0000011111
1110010011
0111000000
1111111110
1111111111
101100111
0000000000
1000001000
1100000
1111111111
000000
110000001
111100
111010
111100
1111110000
0000000000
0100101
100011111
0001010000
1000111111
010000
0001100000
1111000100
1100001111
1000000000
111000000
001111110
0111101101
0111111111
1111101110
0000000111
000111
010011
100000
1111111110
0000000
0010100
011100001
0000001
10001000
0111111111
10011
1111111111
010101
11111111
11011
1111110
0000011100
1111111111
0000000000
111111
0000010111
0011101111
000111111
1111000000
11110001
0110001111
00000
01100
001111
0101110
1110001000
1000000
0000000000
0111000
00000111
1111111110
1111101111
1111011111
1111111111
0111111111
0111110000
00011
0011001111
0000000011
0111111
1111111001
0111110001
00100010
0011000111
110100
0000100
1111110
0000010000
0001111111
0000001000
1011111110
1011100
1100111111
0110000
111010
0000011001
1001110000
0000000011
0011000000
1111111111
0011100
1111111111
1111111111
0100001000
1111111110
1111111111
0111111111
1111111111
10000000
1111101010
11111111
1101111011
1100111000
111111
1001100110
1111100000
0000000001
111100
0000011111
0001000101
0000000000
111111100
1110000000
1111111110
0110000
1000100
111110
0110000
111010
0000000111
001100
1111110
0100111111
1011111111
1100011
00001
00000
011110
0111111011
1110111
001110
0011111110
1111111000
1111111111
00000000
000011111
1111111111
1111100
111100
0010000000
1011111111
1110111111
111110
00100000
1111011101
1100000000
1111111111
0010000000
011110
1111100
1111111100
0110001100
11111
101111000
11100011
00110
1110110000
000101001
111111111
111000
1111110
00100
1001011
10000000
100000000
111111110
1111111111
10011111
10000
11111110
0001111111
111110
00000000
11100
11001
1111111111
1111111000
111110
0111111000
1000100000
0011100
00000
100111111
1110000
0000000000
00000000
1111111111
011011
1111111111
0001100
11110
0000000
1111111111
011000
1111111110
11111111
1111111110
11111001
1111110000
0111011001
0000000000
111110001
1111111110
000000000
0100010000
1110000111
01100
111100
101111001
1110111
1111111110
0101110011
111100111
1000111111
110000
1100001110
10001000
00000
0110001110
000000
111100000
0011110
1111100
0110000
1001000100
0000000000
0011100001
1000000000
0011111111
00111111
1010100
0001011
111100
100010000
1000000000
00000000
1111111
0111111111
1111111111
1110000000
1000000
0000001
0001111111
0011111111
1111111111
1000001110
1111111111
00000000
1111110
1011111
1111100
0111111100
00000000
1111111111
1111111111
1111111111
1111000000
1111110
1100100000
0001111110
111001110
0000001
000001
1001100011
1111111111
1111111000
0011111000
1111111111
0000000000
0000000011
0000000000
001111
1111111111
11110
0010001100
0000011100
1110000010
001100
1111110
1111111111
1111111
0000011001
0001000
111000000
0000100000
1111111111
1111110000
0000000000
00000
01100000
1100011110
00000
1111000001
1100000011
1111110
011110
0000000
101110
00000000
00000
11100000
0000000000
1011010
111101000
1110111111
10010
111000
1111111111
1001111111
1111111111
001100
1110001111
1111110000
0011111111
1101111111
1111000111
11100
0000011110
0000011110
111111000
1111111111
01111111
0000000001
1111111111
1000000000
1001110011
11111
1010111111
1111111001
0100101110
11110
0011111111
0100011100
1111111
100111
000000000
111100
0000011110
100000
1111101
1111111111
101100
1111111111
1111111111
0000000000
0010001110
111111111
11010001
111010
100000100
110111
0001110
1111101111
1111111111
111100
000011110
1111111111
0000000000
0100001110
110011110
11111
1011111111
1001111001
10000
0000000000
110110
0000001
00011100
1100111110
01011110
00000
00000000
111111
101000
1001000
00011000
100010
1110000000
111101
000111000
0001100
0000000000
0111101111
1111111111
0000000000
1100000000
111110000
0000000000
0011000000
11111000
1111111101
011000110
00111000
11100010
1001111000
1111111111
111111
1001111111
0100111111
1110000
00111100
1010011000
10011100
10000010
000000
00000000
0010010000
1111110101
110000
10111100
1111111110
111100000
0011111111
1101111110
110000
0000000001
1111111100
11100000
1111111011
1111111111
1111111111
1111110001
1100000000
1100100001
001000000
1101011110
1111111110
0111111111
111111
0010000000
1111110
1111111110
0011111111
0000001100
1110111111
111100
1111001
01111
1000000111
0000000001
1110111101
0110011111
1111111111
01111
0111111
1000000111
01110010
0000000000
0111111111
00000
000000
1111100
000000
0000000100
00000
0011111111
1111000000
0000001
0110010000
00000
0000111111
001100
00111111
1100001001
1111001110
10001111
1111111111
1110000110
0001100
1111000000
00110
1111111011
1001100111
11111111
00000000
11111110
0111011
1011110
1111111111
0000010000
0001001100
111110
100000
1111111111
1111111111
0000111111
1111001
0000000110
1100000011
000000
010100
0000000000
1111110000
0111101110
1100001000
1111111111
01100100
1100001001
11111111
1111111
1111111111
1000000000
111000
1000001100
11111111
00111
001111
1111111111
1111111111
1111111111
1111111111
111000
0000000
1111100000
1111011111
1111111000
10000
111000
111110000
001110
1011111000
1111111111
1111100111
0110001001
0000000011
000010000
1111111111
0011001011
001011111
10011
1111111111
0001111110
0000000000
100110
11101111
0011111110
000000000
0101100
0000000000
1110111111
0000000110
0011110011
1111110000
10100101
0111000000
111110
10000
11100
1100011100
1111111111
11110010
111111110
1111010110
111111110
0000000000
000000
101100001
00010010
111111
1111111
01100
011001
0011111110
0000011
0000000000
1111110000
0000000111
111000
1100010000
1110111
1111111110
1111100111
1111111111
001000
1111111111
10011001
1111110
0110000000
0000011000
1110000000
000000
00000001
1111110111
0000111011
10111
0000000000
00000
000000000
0111100010
0101100
1111110
11111110
0110000111
1111001111
111110
1111111111
11000
1111110011
1111111111
111110
0011110000
1110000110
001110
0100000
100100
1100110
1111111100
000111110
0000000000
0011100
1000000001
000100
0000000111
1111000000
1111110011
1011001110
1111111111
1111011111
1111111111
11000
1111110
1111000
0000011111
11111100
11111000
000111100
11111111
0000000000
00000010
000000
1111111111
111110
1111110011
011100110
000000
1111100000
0000110
010000
0111111100
0001000111
1111111001
1011111001
001100
0010000
001110
001000
1111111111
1110000
1110000000
1111110111
11001100
1111110
1111110011
0000011110
0000000
111111
1000111
1111111111
0000001001
100000
000000
0000000000
1111111111
1111111111
1111000
11111
0000000000
100000
111111101
1111111110
1111000010
011101100
111000000
1110000000
11000
111000
0000000000
1000010000
000000000
111100
00000
000110
0000000001
100011
111110
10111
0000101011
0111111111
1111110011
01111000
010111
0100100
1111111111
0111111111
100000
0001100001
100001
0000000
0000001100
01100
0000000
1101100000
1111100000
1110111101
0000000
00111
111100
111000
000000
11111
111110100
1111101111
11100
0000000000
101010
000000
110100
1111001111
0011000
0000001111
00000
111110000
0110001110
10000
0100111000
011111100
110001
1111110
1011111111
001110
1111111111
0000000000
1110111011
00000
01100000
0001111001
1001101
1111110
1111111110
11001
01000
1100000101
0001111000
11101
0000000000
1111100011
111100
00011
1111111111
0001111111
1111000000
0000001111
1111111
111100
10000
100010000
1111111111
111111
10000000
00111
1001100001
0000000111
1100011100
1110011
111100
00000000
1111111111
111111111
0000000000
11000
10000
11111111
0000110000
10001111
00000000
111110
1111111100
1111110
00000
1111111111
100000
11111
1111101000
00100000
1111111111
111111100
1111110000
1111111111
0000111000
1110000
00110
0000110010
1111100111
0111111110
1111111001
10000
011110
11110
1101111101
0001000000
100000
1001111111
11000
001111
011100
0000011100
110000
11111010
1010001010
0001100101
1111111011
0011110000
0000000000
1111110011
1111001111
100000
111100
1110111111
00001
1100000110
1100100000
00000000
1111111111
0001111100
1111111111
0111100
11100111
0000000
1011111100
1000100
110001
1001100111
000000000
0001010000
0001111110
1111111111
1111111111
1110010011
001000
0000000111
111110
0001110000
0000010000
001111
1111110011
1111111
1111111101
0011000111
11011110
1111110
111111
11011110
1111111111
0000000111
0000000010
1100000000
1111000100
1001111111
001100
0000000
11110
1111111111
100000
001000
1111111111
011100
0111111001
1001111111
1110000111
111111110
1111010011
1111111111
011100000
0000000000
1111111111
1111111100
0001111110
1100000
1110000
00000
111111
000000001
0111111111
0000100
1111100011
1000000000
00110
0001011
011111
0100000
1111010000
1110011
11100000
0000000
1111111100
0111111100
1111111011
11100
1110111111
011110
01111
0111111111
100000
0110001101
111111
110000
1110000001
0010011111
1011111111
0000000000
0010011111
00000
1000000000
0011111
1100111
111110111
0000001
1001111
1111111110
1011111
1111000
111110
1111000
00000
1000111111
000010
0000000100
0010000
000000
000000000
1100000100
1001100111
1110000011
10000
000000
1111111110
000000
0111100
1100011000
011010
0010001000
111100
0000000000
11000
1111100000
00101
1111111101
1111100111
1111011110
110111011
0011111100
1111100000
0111111111
001111111
1000001110
1111110111
111011
000011000
001000
1111011111
11000
11000
10000
1001110
0011110111
111111
1111000111
0111111111
0000000000
0111111111
111111
1111110010
0000000
0011111000
1111111101
0001011000
100000
0001001111
100000
100100
1111111100
0000000000
1111110
1111000011
1010110
110000
111111111
1110111000
1111100001
1110111100
11000
1111110000
1010010
11111100
0000000000
0000000010
000000
11100
0000001111
0001111
11110
100000
11111000
00110
1001100001
10000
1100011100
1111111111
11100
0000001111
1100000
1110000111
0000000000
0000000000
000111110
1111000000
11100
1111000
1111111001
11100000
0010001001
11111111
110000111
1111110111
0000000000
101111101
00000
1111111100
1011111111
111010
1111110110
11110
010001
1111110100
011000
1110011111
1110001110
1011011111
111110
110000010
1111111110
0001111111
000000
111111
10011
1000000111
00011000
11100
01111111
1111111010
0000011110
1100000000
1001111111
1111111011
1000000011
11110
00100
0000000
1110111100
00000000
11010
1011011000
0000100
0000000000
0000000000
00011100
11111
00000000
1100111111
1001111111
1111111111
0000100000
1111110
110000000
0000000000
1011111111
111000
1110011111
1100011
1000000111
00000
0000000100
001110
111111
111100
001100
1111111100
0000000
111100
0000000
100000
1111100000
00000
0000001000
111000
111100
000000000
1110000000
000000
000000
0110111111
111110
1111111110
0000000000
1111111111
11111110
0001110111
111100111
1000001111
0000000
0000111101
111111111
11000000
0111111
1111111
1101011111
1111111111
1111111111
1111111111
000111
1000111111
0000000100
1010000010
1111111111
11011110
00000000
111110
000111
10000010
000010000
110100
001111
1111111110
1111001111
111111
0000000000
11000
1110000
0111111111
1111111111
1000001110
000011
0000000000
0000000
1001000
111111100
1100000110
11111010
1111111111
0000000111
0111011111
1111111111
111100001
1111111111
0111000
10111
0101000
10000
0000000
11111101
1000100111
11111101
011100000
000000000
1110010000
011111
1000111
000000
111100000
111110
0000000111
1110000
111111
1011101000
11000000
0000111111
00111111
1111111110
0111111111
1111111111
0000000000
1111111111
1111100010
11100100
100000
01000
1111111111
1011111111
1111111101
1111111111
1111110011
0111111111
1011111110
1111100110
111111111
0111111
1111100111
1100000000
11000000
1110111111
1111111011
0111001110
1110000000
0110001
111001110
100111
1110000000
0111100
1011111
0000001000
0000000
111010
1111111000
0011001010
1111111111
1111100
1100110
1111000
1100111111
0000000000
11110
000000000
11100
11011
1110001110
1111111111
0000000000
1101111
1111111111
111000
0000011
0000001100
1111100100
0001111111
0010000001
1111111111
1111111110
1000000
00000001
1111100110
0000000000
000110
0000000
111100
100000
1111100001
1111111111
1111111111
1111110000
01110100
11111100
1111111111
1111111100
11100
101010
1111101110
000000
1100011001
0011000000
1111100111
1111000000
1110000
00010011
00001
0000000
11010
0000000
1111100011
000000100
001001000
00000
000001
1111110111
000000
1111100001
010000
0001111000
00000000
00000100
110000
1110011111
11100
11001111
0000000000
000000
0000111100
0011111100
00001001
111011110
1000110
11111110
010000
1111111111
00000
0000000000
1111100001
0001111111
111111
111100
0011110
110100
0000000000
111111111
0011011111
0101101111
0011100
0011100000
11000
0001110000
00010000
1101100
11110
0000000010
00000000
0001000
1111111
0000000000
0110111111
0111100111
1111100111
0000000000
1110001100
00011
111100
111110
1111111100
0011110001
0111111111
0000011111
1101111111
1001110110
111100110
111110
1111111111
1110001111
1111111100
00000
0000000000
000010
0000000000
1111101010
000001
1011110011
1111111111
0001100000
111000
0000111100
1111111110
0111111111
111000000
0000101
001110
1100000100
111111111
000111
0000000000
000000000
1111110111
000010
011000
0001000001
010011
1111111
111110
1111100
10011101
0011111111
1111111111
0111100001
1111111111
1111100
0000000
1100011001
1111001111
1001111110
00111
111111110
0000100000
1111111
00000
1111110011
00000
111110
0001100000
110011000
00000000
0111001100
0000000000
0000000010
0000000000
11110
1111110000
110000
11000
1111100100
1111111111
110000000
0000010010
0110000
0111000
00000000
1100001111
1110011110
01010101
1111000000
0111100
1001100011
1000000001
101111
00000000
1111111111
1111110000
000001
100011
111111110
1111111110
0011111111
01111000
11111110
1111111111
101000
1111100111
1111110001
0011111101
1101101111
10000
00000110
110000000
1111100
001000
100100
000010
1111000000
00000000
0000000000
1111111111
1000110010
0011111111
1111100111
0110000000
1100000
00000
1111100110
0000100
11011111
1000100001
111111000
0001110001
110000
1110000000
0011000
0000001111
1111111111
0111110011
0000011100
0000010000
10100
1111101110
0011000000
01111
1111111100
0011011111
01000000
000000001
0000100000
1111111111
0100100000
000000000
01000000
010000
0111101110
1111001110
1001101111
000011001
0000010000
1111111111
0000000000
00000000
111111
1111000000
000000
000000
1111111111
111111000
111110
111111
0011110
1011110000
1001111000
11001111
1111100001
1111000000
0001100
0110011111
1100000
1001111110
0000000
1111110000
0011010001
111110
011111
0000000
11111111
001000
0001111000
111111100
11000000
1000000000
1111111000
01011
100000
1111100
11111110
1100011111
00000000
1111001111
111111000
0001110
0000000000
1100011111
111000
0100000000
1011111
1110111111
01111100
1111000000
1111111111
1011001111
001100
11110
0010000100
000000
0000000000
000000
11101
00000
1111110
1111100
0111111111
001001001
111000
001110
0000000
1001111111
0010000110
111001111
100101
11111111
0000001111
1111011110
10000
1111100
011100
1001110111
001111
111000
00000000
0011111
110011001
1111111000
0101101001
1111111111
0100110011
1111000000
0011110111
111111
00000
0000000000
0011111111
011011000
000000
1111111110
11111111
001100
1110100100
0000000000
11001111
111100
11111
0000000011
0100000010
1100011100
1000000111
0110011111
01010
000000000
0000000000
0000000011
01110000
1001111111
0000000000
11001110
1100011
110000000
0011011100
1110000111
1101111
000000
000000000
1111111110
1100001100
000000
0000000000
1111111111
111111010
11111111
1111111111
0000000000
1001111111
001000
101110
1111111111
010000000
1111110
0000000000
1111111111
0000000000
1111111111
1100011100
1111111111
1111000111
0111001111
1111111100
01010
1111101111
00000
0111111000
0001000110
1111101100
1000000
0001111110
1111111111
0011111111
11110000
1111111110
0111110
1111000011
01111100
1111111111
00110000
111011111
1111110011
0111110011
100000
0000001001
001111
0011011111
000000
01001
1110000111
01000
0010000
1111111111
0001100000
11110
111111
111111111
01111000
111000
1111100
00011111
1111111010
0000000000
1110000
0100000001
111100
0111000000
101010
100100001
000111100
0010011100
0000000001
0111111111
1111001111
1111100000
0111110111
111110
111011111
1000000000
1111111100
0000111111
1111111111
1111111110
111100
1111111111
00000
1110110
1111111000
1111111110
1111111111
11111
1111111111
111111
0000000000
1011111110
0000001111
0000000000
11100
111100
1111111110
1111011111
01000100
0010001110
1111111111
1111111111
1111111111
11111111
10000
001100
1000000111
0001010010
0111111101
11111
1111111001
1111111101
0011111111
0000000
100000
00000
00111110
1111111111
00111101
0001111111
0000000000
1100000
111111
10000
1111110111
1110000000
010100010
1111111100
0000000
101111110
000100
1100001111
1001111111
00000000
011000
011111
1111111111
111100
0000000000
00001100
1111111111
1100000
1111111111
100000
11000
10011
000100
110000
1101111111
00010
10010
1111111111
1000100000
000000000
1100111
11111000
110100
1111111001
1111100111
0000000000
011111110
11110
0011111
1111111100
000000
1111101111
0000000000
0000111111
1111111111
11000
00001100
1111111011
1111111111
0000000111
111111111
001111011
00000011
1111111111
0000000000
01001100
110100010
11111110
1100011111
000111100
111100
00010010
000000
1111111111
011100
0000000111
0001100111
0100000011
111110
1111111111
1111000100
1111111111
1001111111
0000110
1110011111
000000
1111111
000010
0000000000
1111111111
0000000000
11110
10001110
10000
1111111110
0001110011
0000110
111100
0000000000
00000001
1011111101
110000
00000000
0000000000
11110
111111111
10110
1111100
00011
00111
000000000
1110000000
1111111111
1110111111
111010
0001111111
11111100
1111110111
000000000
000000
0000000100
0011111011
0000000110
11111
1111001111
1000000000
011111111
10011
01101111
011111
1111111110
1111111001
110010
1110000001
111110
1111111110
1111111
1110001111
0011110000
10000
0000000000
11110
0011111110
1011111101
1111010
100000
011100000
111111111
0000001000
0000011100
0111111111
1110000000
1110000001
000000
11100
011110
0000111111
11110
1111110001
001000
1111111001
0010000000
111110
00000
0000000000
10000000
0000100111
0000010000
111111
0011111111
10000
1110000
11000
1001111111
11111110
11100
0011110
1111111111
0111110
1111111
0000000000
0000000000
0000000
111001
1111111
000000000
1111111111
1110000111
0001100110
111000
0001101011
0000000000
1011100111
1100111100
0111100111
11110000
11100
00000
0011111111
1111111110
0000000100
0000000000
0011000000
111110
1111110111
1110011111
10010
010010
1111111111
0000000000
1110001111
1111110000
0000000111
01110
1000000000
1111111111
1111111111
1111111111
0000000000
000000110
1111110
0111111111
111110
0100111110
0001001
0001100111
0001111000
1000000000
1111111111
0111111111
0000000000
000000
0110111001
11111110
111111111
1111110011
1111110011
1011111111
10011110
1111110
0011111111
10000000
11110
001110
110110
11111000
1111100000
101111
00111
000111100
1000000
11000
0011111
1111111111
11010
111110
11111111
11110
1111111111
0000001110
1111111111
0000110000
1111100000
1110011111
10000001
0111111111
011110
111111100
0100000
0001110000
0111000000
1000000000
0000011001
00000
11010
1111111111
01100
11001
0000011
1100000000
0011111111
1111011111
0000000001
0100000000
10000
1111111110
111110
1011110111
100000
1111110
0010000111
1111111111
0100000
11111100
1110000
00001
0000000000
000000
1111100011
0000011000
1111111101
0000000000
1110000000
00000
0010000100
111110
0010000000
1011111
110000
1111111111
0111100000
0000000000
0000000000
1111111100
111000
100000
1111111111
1111100000
1111111111
001000
0000000000
0111111111
1111111111
1111111111
1111111000
110011
10011
001110
1000001111
000100001
100000000
00111
0000000000
0000011111
0100111100
11100
1111101111
1111111111
1111111111
0010000000
111110
000110
1111111110
1001111111
1111100111
111110
0011000
1110011010
1111111111
0001111110
0011111100
00000000
00000000
1111111111
111111111
00011100
1001111111
010000
1100011111
000000000
1100000
0110011111
00000000
011111
1111111111
1111111111
110000
1100111
1111100011
0011111111
0000011111
0011000001
01000
0000100
1010000
0111110000
11111100
0000011111
0111110
00000000
111100000
110110
100000
1100111111
0001111111
1111111111
1111110
1111111111
100000000
0000000000
0011111111
1111111111
1100111000
1111111011
0000000
1100000001
11111
011100
0011000110
0000011110
1111111111
0000111100
1111100
0000000111
0000000000
0001111
1101111111
1111110111
1111111111
11110
0001111111
1111000
1111111100
0011111011
1001111111
0111011
0111101010
0100111111
0000000000
0110100
111110
0101110000
11110000
1111111111
001001
00011110
00111
110111100
11111101
0011111110
00001
0000111
1111111111
0011110
1000111
1101100011
1100011000
110111
11111000
1101111000
000110
01100000
10000
1111111000
1111111100
1111111111
1111101011
1100000
0000111111
1111111111
0011111110
01111
1001111111
1111100011
1001011
1001111111
000010000
1111111111
001110
000110
0011111111
0000001110
000000
0001111011
00000000
1110011000
0000000111
11100
0111100001
100111011
111000
0000010001
1111000111
00111
1111111111
11111
000000100
100000
011110000
0011111111
1111011111
000001
0000100010
111111110
000000000
1011111
1111111111
1111111111
0111100111
0111111111
111101111
11110
01111
0011100111
1100111111
110000
111110000
1111111100
0000000000
111111
1000100000
0000000000
1111111111
00101
011100
1111000100
111111010
1111110011
0011111100
1000000
1111111111
1110011
100000
0111111011
0111000
1111111111
1111111111
000011
11110
1011001110
0000000001
0000000000
1000111100
1111111111
111100
1111101111
00000000
1111111111
1111010
01111000
1000010000
0100111110
1111111
1111100000
111100
0011000011
1011111100
1111111111
11111
1100100010
1110010011
11111100
1111110
1111011
1111010111
0111100111
11011
0011111101
0000011110
111111
1100000000
00111000
1111111111
0000001000
00100
00010
1111111111
1101000011
0000000
1111110111
101101000
0000011111
00000
0000000000
11111111
11100
11100
111111111
1111111100
1111000011
1110011
1111111111
0000111111
0100111111
11111000
1111100110
0111110
1111100001
1111111111
0001111
0000000
1111111110
1111111111
1111111111
00111
1100001111
111111100
0000111111
00000000
000001110
00100000
1110111111
00000000
1111111111
1000000
1111111001
111110
0110011110
111100
10100000
1110100101
1110000011
1111111110
11110
1111111111
10000000
11111
1110000001
001000
111000000
1111110
000100
0010000011
11111
10001
1110110001
0111011010
1100000110
11011110
100111111
000000
11111001
111111
1110000
000000
1100001000
01000000
000110
001110
1111111111
1111111000
11100
1111111110
0000001
1111110
0000000
1111111111
00000
1111111001
111101
1111111001
11100
1111101111
100111
00000000
1000011
000000010
11111111
1111111111
011111
111010110
1111110000
00001
1111111111
1111111111
110100
1111111110
011100
0000011
0000111000
0000100110
1010001
100011
1111100
0001111111
11111
10011100
0000000000
0011111111
1101100100
11111111
111110
11100
0111100010
000001
00010011
00100
111111100
00100
0000000000
0000000
100111
1111110001
0000000000
000000
000000
1111110011
0000000010
1111010101
1110000110
0100100
1111111010
11111111
0111111111
1110001111
1100101111
100100
000000000
0011110110
01111
000011
111000
0000111100
110011
11000
1111111000
1111111110
1011111100
11000
1100110000
1110000
1110111111
000000
1111111000
1100011111
0000000100
0111111
110000001
00000
1111110011
1011111
1111111111
0011111111
001000000
0110011111
1111111001
110000
1110011111
0010111111
1111111111
0001000000
1001111111
1100000111
0000000110
0000000000
0001001110
1111000000
0001111100
1110011111
1100010111
100000
011111
11110100
1111111111
1110000
000100
0011111
11001111
0000000
1111111110
0011100000
111010
01111100
1111111100
0000000000
0010000000
000000110
1111111000
0001000000
01110
111100000
0000000
1111111111
011111
0000000
1111111111
10110
1111111111
0110011110
1110000
000000
0111100000
0000000000
1111111111
1000011111
1111100
1001111111
000011
1111111101
000000000
0000000000
110001
0000000000
1111111111
111100
0000000000
1100000000
111100000
1000000
0000000000
000011
1111111000
1111111111
1000000100
1111111100
1111111001
111111111
0110001100
0110000000
000000000
111111110
1111111111
111100000
111111110
1111111111
1000111110
1100011111
00000
1111111110
0000000000
00000000
1111111111
00000
000011
1110010011
01111000
1011010011
1111111111
0001111111
0100000
0000010000
11111110
0010111
1100000000
1111001111
1100111
1100111000
111101110
110000
001111
0011111110
1111100001
110001111
0011000000
0001000000
000000000
0000000
1000011111
1100111110
1110111111
11000
1111111111
0111111110
00000
000000
0000011000
010000
111110
1111111110
00000001
000011001
1110000
1111111011
000100
001000
1101111111
00000000
0000000000
0001100000
110001111
1110010011
000010
1100001100
0111111111
1111111111
0011111111
000000000
1111000001
1111111111
0000111111
0010000110
1111000100
1111111111
1111111111
11000
1111000000
0000000000
0001111111
1111111110
111000
0000000000
0001110000
11110
1110000
1111111111
1111101
1111110
000000
0000000000
11100
1111101111
11111
1011111111
0000000000
1111111111
110010
11111111
111111111
11101
00100
0011110000
1111111111
0100000011
0111100011
000000000
11110000
1111111111
1101110011
0110011001
1110000000
1111111100
0001101111
1100000
0111111111
010101
00100
111111
0010000000
11111
1111111111
1100111000
11111
0000000000
111110
1111111010
100000
00000
00000000
0111111111
111110
1100111111
1111111111
111110
111110011
11110
000010000
10000
111100
0111111110
1111111111
10011000
00111110
1111110
1010000
10011111
11111
000000
1111111110
1111100111
0000011111
0000000110
0111000000
1111111000
1000000000
100011
1100010111
1111111101
1111111110
0111100
1110000100
00110
1111111100
1111100111
0000011
11111000
1111011111
0001100
11100
1001111000
1111111100
1111000000
0011110000
0001110000
1111110000
0000011000
1011111
1011111111
1110000000
1110011111
000000000
01000
11111
11110
0011000
010000011
1111111111
1000000
1111111111
111001
1111100111
1111000
1111110000
0000000000
1111111111
11111110
000000000
1111111011
1011111111
1111111111
000000111
1010011110
11101
11111
0011111111
1111111111
0000000111
000000
0000000
1111110
100000
0000000000
11100
000010000
1111111111
1111111111
1111111111
1111101111
0000000000
001110
100000000
11111110
00111000
1001111110
0000000000
0000100000
0001111111
1011101111
11111110
1111100111
1000000000
1110000011
1111101101
1111111101
1111111
11111100
000111111
0111111
11111000
1111001111
0111111111
00000
1111111100
1111111000
1110011111
1111101111
11111
0110001111
1111111110
001110
00000
0000000000
0000011111
11110
1111111111
000100
110000
1110000
11111110
111111
0000000001
000001
100111111
1111111111
0001111110
0000000000
1110000
000000111
1100001100
1111110111
101111110
00000
0000000000
000000000
00000
1111111111
10111111
000000
100000
111100000
1010011111
111111000
11110
00001100
000000
1011111111
1111111111
1111111111
1111111111
001100
011111
10011000
1111110011
0000001
111110
1111000001
1111111111
000000
00000000
01111
1111111111
1111011110
0000001000
1111111111
011111100
11111100
1000000011
110000
01111
1000011111
1100000000
111100
01100
100000
111110011
101100000
0001111101
0000000
0001110
00000000
0100110
111111
0000000000
0011000000
00000
0000000000
1111111110
0010000
0100110
1111110
1111111101
1111111111
0011000000
0000000000
1111111101
000011
1111111111
0111111111
11110
1100111110
110100
1111111111
111111000
1110011111
0010000
1111111111
0000000000
101100
0000000000
1111111000
1111111111
111000
111110
1111111111
011110010
1111111111
1110100
01000
11111111
1111111011
111110
111001111
01111110
1000111110
000000
000111
1111111111
1111111111
111111001
011110
110000
0000000
0011110011
0011111000
000000
0001000011
111001
1111111001
0010011111
10010
110011
100100
011111100
10111111
1101100011
11100000
0001000000
11100
1111111111
1110011100
110001
0000000001
0011110
0001100000
1111111001
000000
0000000000
11111011
0011000000
1111001
0110000000
1101111110
1111110011
011110
000000
1111111
0111100111
00011110
10000000
001110
0011001111
111010011
10000000
0000000100
0000000
11111
111100
0000001000
1100001111
1111111111
1111111111
11010
1111111111
100000
0000000000
0111111110
0000000110
1110111111
0000000000
0011110010
11101
0111111000
0000001111
11111
1000000001
0100000000
1111111111
10000
1110010110
1100000011
1110000000
11110
00010
00000100
111100100
0000000000
010010
10001100
1111111111
1111111111
1111111100
11111000
0000110
1111100111
00000000
0011100
1100000000
11111110
10010
11001
1110011101
1110110
1110001110
1111111111
0100111111
1000000000
1001011111
1111111101
1111111110
0110000
1111110
1111100
1111010101
1110011111
1110000
1101110111
1111111111
0000000000
1000000
1111111000
1111111100
11100000
1100111111
1111111111
0000000
11101
111110011
11111111
1111111100
0101111101
0000100000
0011111111
1111111101
01100000
1100111
101111100
1101111100
100100
1111001101
11111
1000110000
1111111100
0000000000
00000110
0000000000
11000
1111110011
0000111111
11111111
001111
111111111
10000001
000000
0110000
01110
1111111111
1000011000
11100
0100011
1000001111
1000000000
1100000001
1111111111
1111111
0001111000
0000000101
1111111000
1111111111
0000000000
10010
0000111111
111100
111100
1111111111
0100110000
100001
0000100010
1100100
1111001111
111111100
0011110101
00000
1001001100
1111011111
0000000000
0101111111
1111111110
1111001110
1110011000
111111111
11100
11100000
1000000
1111111111
011111110
11111111
1011110111
11100
10000
0000000000
0000000000
1111111001
0011110
00000
1110111111
0111010
1111111111
00000
0000000000
001110
0011111111
000001000
1111100
000000
111100
1000001000
1111111111
1111110000
0000000000
0001111
110000
000000
00000
1111001100
1111111111
0001000111
000000
1111111111
1111111110
00000000
0000011101
1011111111
1111110
1111100011
0111111110
1110011
00000000
1111111100
0011000000
1000000000
0000001000
0110011000
1111111111
001011
1111111111
0000000111
11001101
1100010000
1111111100
0111111111
0000000000
0000000000
1111111100
1111000
0011110001
1000000000
00100
0100001000
1111000000
1000111110
1111111110
1101000000
11111
11001
1111111111
011111
1110100001
1111111111
1111111111
0000000000
0011100011
11000
0000010000
1111001111
0000000000
0111111
1001111111
11100
1111111110
01111
0000000000
111111001
1111110111
1111111111
1111111
0111110000
111111111
0000011100
1111111111
00100
1111111111
0000011111
0000000011
000000
10001
00111
0110011100
0000001100
0100111111
1111100
0100110
1111111111
1110001
1010111111
11110011
110000
1111111000
11100010
000000
0000000000
10011110
00000100
0001000
0000000000
000110
0000100
00011100
011111001
0000000110
0000000000
110000
1110000000
010000
001000
0100000
001110
111110
00111111
0011110
000000000
001111
0111111111
1111111111
1110000
1100000001
11110
1111100111
1011111110
01111000
0001111110
1111111000
1111111111
1111111110
1111111111
0000111101
00000
001000
00111
11101
11111001
1000001100
11000000
101000
1111111100
1110000
0111100100
101111110
000000
1111111111
0000111
0000000001
00000000
11000
1111111110
0100100000
000011
1111111111
1100111111
10000000
1111110000
0001110000
00011
0000000000
1101110001
000000
1100010000
1001100100
1111100
11001
0111111111
00000
11100
00100
0111110011
0101111
1111110111
0000111000
1000101111
1111111
1011111111
0001100000
1111111100
1100011101
1111111111
1111111111
11111
11111110
1110000011
0000000000
1110001111
1011100100
1111101111
010000
011101
1111111111
1110000
11111
0001010101
11111
1100011111
0010100001
1111001111
1111111110
1010001
0100001010
000011
1111000000
01111
0000100000
01111
1111111111
1111111111
001101111
1110011100
0010000000
1111000
1111111111
1111001111
1111111111
1001011110
1111110000
000100000
000000001
0000000001
1001110010
110010101
0111111111
11111
0001111111
0000000000
0000000
0000010010
1111111111
111111100
1000000
1111000
110011110
1100111111
1111100
1110111101
11110
1111100110
0011110001
111001111
10101
1111110111
1000010
1100100111
000111
110000
0000001111
000100
0011100
1111111110
00000
1111111100
1111110
1111001111
1111111111
000000000
110111110
11111100
1111111111
0100111
011110
001011
0110000000
0000000000
1110000000
1111111111
0000111000
100000001
011100010
011111
1000011
1100001111
0111100100
010011
11000111
001000
000000
111100110
00110
1000100011
1111111111
1111111100
0000000111
11110011
00000
10010
0100001100
1110000
11100000
0000100
111110
0001010
0011100000
1110010
00000
0111101100
1111111100
11111
110000
1111011111
1001111100
11110
1111111100
1111110
0000011000
1111111111
0000000100
0000111101
000011
1111111111
0000000000
1100111111
10011111
011100
1100000000
1111111111
1111101011
0000110000
0110100000
1110111110
110001111
0111111000
11100
1111101111
0000000000
10101100
000000
1111111011
1111111110
111110100
1110000000
11110
1111001011
1111111100
010011101
11110
0111111111
1111111001
111110
1111110000
0011111
000010
0011110011
0011000000
11111
1100111111
1111100000
1111111111
0000000
111111111
1110000
011110
000111
11111000
111100
1001110000
101111000
00001111
1111110110
0000000
11100000
10111
001111
1111100
1111000111
0000000
011111
11111110
1111111111
100000
000000000
1111001100
1100111111
1100111111
000000
000111110
1001110110
011001
0011111111
1111000011
00000000
1111110011
1111110011
1101110010
0001000000
1111111111
111000000
110011
0000000110
001111
1111000000
110010
0000111111
001111111
0000000000
0000000100
11111110
1110000001
1111001
11111
000000
1110000000
0010001111
1111110
0000000001
00000
0000000000
111110
1111111111
001100
1110000
111110
0111111100
1111110
1001001
01111000
0000000001
10100
1000000000
1111110
000000
010001
000000000
111110
000010
0001100000
000000
1100111111
011110
1111111111
1111111110
1111111111
1111111110
1111101000
1110100110
0011111111
1100000000
1111111110
00000
0000001111
1110000001
1111111111
111111
11111111
111100
1111111
0101111111
11111100
00000
1111111
01110
11110000
1101111111
1111111100
00000
0000000000
111000
10000
11100
1111111111
0011111110
0011001000
00000000
1111100000
0111110011
111100
1000001000
1111110000
00110
0110011111
1111100
111111
1111111111
11000
01100
1000110
110001
0000000
1111111010
0000000000
000010
110110
0001100
0000111110
1111110001
000000
1011001111
0001100111
1001111110
0000000
00110
00000
0000001100
1111100000
1100111011
0000110000
0000011100
0011111
1111111111
1111100010
0001100001
001111
110000
100000000
1111111
11111111
0111100111
1111111111
11110
0011111111
011111
01001000
0000000
1111100111
1010011111
0011111111
11000
1111111111
111111111
100111000
0110100000
1001111111
1111110000
1111110001
00000
0000000
000000000
100000
0000000000
0011110
111100
0000100000
1011110
111000000
1000111100
1111111110
00110
11111110
0111100110
1101111111
1111000000
0000000000
1111111001
1101111111
1110011111
000000
0000111111
111000
1101111111
010000
0011001000
1111111111
0000110000
1111110011
1111111111
0000000000
00000000
0000000001
000000
11111111
1111111100
00000111
0000000010
111100
11111111
01111111
000110000
01100
1111100111
00111
0000001000
11111100
1001111111
1111111000
00000000
0011111000
10111111
1111111111
11111111
1111111111
0010000100
111110000
11100
11110
111111
1111111001
11100
0001111100
000000
0000000000
00001
1111110000
00111
11000
1111100
000000000
000000
0011000011
1111111111
00000110
0000000000
11000
000000
1111111110
000000
1000001111
1111111111
111110000
1111111111
111111111
111000
011111
111111100
00000000
1110000100
100000
0111111111
0010110
000000011
1111110000
000000000
0011110000
00000
11100
1111111111
0111111111
1111111101
0000011
0000000000
11111111
0000111111
0000000000
1000000011
0001110000
111110
1100111111
1111111000
1111111111
11110000
1111111111
0000000
0000110000
111001
1111111111
1111111111
111111110
0000000001
0011111111
1000010011
00000000
0000000000
1000000
10000000
0000000000
11110
1111111111
1111111111
1011111110
0000000
111110
1111110111
0010000000
0000001100
0100001000
0100000001
1111111111
11111001
1111111111
1111111
1111111111
1111111111
1111111000
1111111111
00011
11111110
0000000
100000
1111111
0000000000
0011000001
0000000011
111111111
1111111111
1110011110
111110
0000000000
000000
1000100010
0000000000
1101111000
0001111111
100000101
1111111111
1010011111
110000
1111111111
1111100010
011100000
0111111110
1111110000
1010011111
1111110
1100000000
11110111
01100
11111000
0000011111
1111010
0000000000
1111001111
111001001
11000000
1100111111
111100
1111111111
011111000
10001111
0000000111
100110000
11111100
111111
10001111
111110
000000
11111111
0111111
1111111111
10000
0000000100
000000
1001001
1111111110
1111111110
1111111000
0000100010
0000000
0011100111
0000000000
0000111
110000
11110000
1111111111
011110
1100100
1111111111
1001000
1111111111
1111110001
1111100
00000
0000000000
1100000100
0000001000
111100
000000
1111111110
1100000
0111111111
1001111111
0000000000
111110
111000
1111110
0000000110
00110
1000011111
00000000
1111110000
1111110101
1111111100
11100000
1111111111
0000111111
1111000000
1111111000
100111101
0001000
1111001111
1111110000
1111100111
100000
1111111111
11111
1111110000
10100
1111110000
1110111111
0000000000
00001110
111010
11100000
1111001111
0001111111
1100000
0011110001
1100111111
0111111111
0010001
1110101111
0000000000
11000000
1111111111
00111111
00001010
00000
0111111111
01100
1111111110
1001110101
11000
10010000
1111111111
10000000
1000000101
1111111011
0111111101
0000000010
0000000000
1100111111
1110000000
0100000000
0110000
000111110
1111111110
1111110001
1111111110
111111111
00001
01111
0011000
0011100
1100011100
0000000000
11000
00000
01000
1111111111
1001111111
0011111111
0111101111
1111111111
0000010000
0110011111
1111110
11111000
000000
1011111110
00000000
000110
1111111111
11111110
1111111111
1100110
0011111
0000110001
011111
11110
1111111000
0000000000
001111
00000
1001111111
11111110
001001
1111100111
1100111111
0111111100
1101001001
1111111111
001010
1111111001
10111
1111111111
000000
0000000011
1111101111
1111110
0000111110
1111111111
1100000111
1111001100
11110
0000000001
1111111111
11000
10000
0000000011
11111110
111000
1111111111
000111
0010111110
010000011
0000001000
1111111000
011111100
1111111111
111111100
1100111
0000000000
1101001111
111110
0000000000
1111111011
1110010
1111111111
0111111000
0010000011
1111111000
0000000000
1111111111
0000000000
1110010011
111000
00000000
0111110
1111111111
01001100
10010000
011110
1111111111
111111
111000
1111111111
0000000000
1010000000
01111100
1111111111
1111111111
1110011100
11111
000000
0111111000
111111100
1101111001
1000111111
000000001
111111111
0010101111
11111110
1111111111
001000
0011111101
111110000
0000000000
111110
1111111110
0111110111
000100000
1100011111
1111110
11110
11111110
111100
01000
1111011111
0000000000
000000
0000000000
0000001
1111101
1111111111
1111111100
000000000
011110
001100
1001111111
00101
11100
0111011100
0010000000
0011100011
100111
110001
1111111110
1010110111
0011111111
1000000111
1111111111
0110101111
11000
00000
0000000001
1001011111
1100001111
1111000000
1111110000
0000011011
000000
0011100110
11001100
1111110
1111000011
100000
1110000111
0011101111
01100
0111111111
00000
0000000000
0001000000
1110010010
1111010111
11110
1111111101
1101010
1001111111
1111111111
11111
100000
1111110010
0000000000
0000111010
1001000
0011000
10011
01111001
1110011111
110000
1110111111
1111110
11100000
1101111111
1110000011
1111100
0000111111
1100111
011110001
1111100000
0011110001
000110
110000
0111111111
000010
0111111111
0100000000
0101001111
1010000000
1001100
000111
1111111111
111111110
1100111111
1001111111
00001
000000
0100000010
11111100
0000000000
110000
1111111111
1111111111
111110011
0000000000
000010010
0000100011
0000000111
1000000000
0000000010
1110001111
0000011111
001100001
11111110
0000111110
0000111100
0000000000
1111111111
1001111110
1110111111
1111111
0000000000
0000111111
1111111
1100111111
0111111111
1110010
1111010011
1111111111
000000000
1111001001
11010
000001
1110111110
1111100111
0000111
11110
1100000
100000
110000
1111111101
0000110000
1111000
111111
000000000
1111110001
1111111000
10000
01101
0000000000
00000
10111111
1111010111
1111111111
000000
1111111110
11111
1111111111
0111100011
0100000010
11000
1111111111
001000
0000000000
1001000001
110000
111000
111001
1111111111
0000011111
1111100
11111111
0000111111
1111111000
0100111100
11111000
0001100000
11110111
1000011110
1101111111
1100000000
1111110000
1111100000
1111010100
00100
1111111111
100001
1000000000
1111111111
10100000
0011011000
111100
000001000
1110000010
1110000001
0110011000
1111111111
11111111
1110011111
1101111111
0111111111
1111111111
0000011111
1111011111
00000001
0000000001
00000000
1111111000
0010010100
111111
110011
0000000000
101100
0011110
11001
1111111101
0000000011
1111001111
0011001011
0111000
100000110
1111111110
1111110011
1111111111
1100000000
1000011111
111110
0000111110
00110000
1111111111
000000
0001110
0011111111
0000000
000000
0111110011
01100
1111111111
11111111
101111
1111100111
0011001100
011110
10111111
11111100
0000100000
1111110001
1100111000
111111110
0000000000
0011111
11110
0001000000
111111
1111111110
001001
01100111
0000000000
0110000000
1111111111
1111111111
1110111111
1001110000
1111111110
0011100
1111000011
1000111111
1100011111
00000000
111000
0000001000
0000001000
0111110011
0001101
00111110
11000000
100100
0011111111
0000000000
1100000
1100000110
111000
00001100
0111110
000001110
1111100001
1111111111
000000000
110000
0000001111
000110
010111100
1100011111
1111110011
1111111111
1000100000
0000110000
1110111111
1110011111
1111110
11111
1000111
0000000000
101111010
000000
111100
1111111111
1001001111
1100111100
1111111
10000
0000000100
111101
0000000000
11100
1100011111
111110
0000000000
0011100111
1111000111
0111111111
101100
0000000000
1111111000
0000110
0000001111
1111111111
1111111111
001111100
0011111
1111000001
1100000101
1111111111
011111111
00000
10110
001111000
1000010000
0111111111
11111110
1111111
0110111111
0111111111
000000000
11111
0001000000
000100
1111111111
1111000
101000
1011111100
1111111111
1111101111
0011111111
0011000000
0000001111
00000000
0011111110
10000
11111111
0001000
000000
0001111111
001111
001100
0111100
00101
011111
1111111000
1111111111
1110001000
0001000100
1111100
1111111111
0000011000
0111111111
11100
11111110
1101111111
0110000001
100110
1111101
1111111111
1111111111
10000
0000000000
0000000011
0111111111
0000000000
1000111111
00000
1111100
110000
111111
0101001111
1000000000
00001
1111111000
0011111110
0111000000
10011111
0000000
1111111011
1100011100
0001110011
1100111111
000000
111111011
11100000
00000
1111111111
101111
10100
011110
11000000
0000000000
0000011111
1111011111
1111111111
1111111111
1110000010
111111100
111001
1111111111
111100
1111100001
1110000
1111111111
111111110
1111110000
1110011111
11111
1111111000
00000000
1111111100
1111111001
11010000
1111111111
00000000
1101001100
1111111100
11111110
11110
100110
1100110
1110000011
0000000000
1100111110
001110
011111
0001111000
011100000
111111110
1111111111
000000
011111
0111111111
00000000
0001100000
111111
1111111111
1110111101
11101001
011001001
111110
1111111
011100010
0110011
0100000
11110100
0011111111
0000000000
1111111111
0011111111
100000
1110100000
000000
1111111011
111111
0000001
11000000
1111001111
11000
0000000
00100
00100
01111
001111
1111111111
1100011111
0000011111
1111111111
10010010
11100000
1100001111
00111
1111111111
0001110
100010
1111011
11111
0000000001
1111111110
1111111000
1100011100
000000
1111111111
1110000111
1111111111
1111100001
000000
0000000
1111111111
0000000001
00011001
10011110
1111000
1110000010
1111111111
111100
010011
00000110
11100
110000
1110101111
10111000
11100000
1111000000
1101111111
01110
00010000
0111111000
0011111111
0000000000
1111111111
1111000
1000000
1111111111
1101111
1011111111
11011100
00011100
0010000001
1111110
1111011111
11111110
1111110011
00000000
1001111100
1111110000
1001101
0011111111
0011110
00000
00110
0000000000
1100000000
0001100
1000001111
01000
11001110
111111110
01000
111101
1111111111
11000
1111111011
0010001011
0000000111
11101
111001000
11100
1111111111
0000000
0001001110
0000000110
0000000000
1111111111
1000000000
0001110
000000
0000000
01100100
1111111110
0001111000
1111000000
10001
1001100000
1100100001
111000
101100
11000
01100
0011111111
1111111111
1100001111
00000
1111110
000010
1110000
100000000
0011000111
00000000
11110010
1111100111
1111111
11111111
1111011111
1001100
1111111111
1001010011
111111111
1100000001
00000
11100111
1111111111
0111111111
0111001111
111110
0000000
111000
1111111011
010010
0000000000
1111100111
0100110111
0111110
1001111111
1111111111
11000000
1111111
0111110000
111000
000000
0000000000
0000000000
1000000001
1111111
001010
0111111011
1111111111
100000
11011111
11111100
00111
1111111
0000000000
0111001000
000111
1110011100
111100
00000000
1110111111
11111000
1111111111
1011111111
1111111110
0011111111
1000000000
1111011111
1001111111
011110
1111111111
0011000000
0001000011
0000001000
0001101101
1010101011
0110000011
111111
001000
1111000011
111101000
001110
001100
1110010111
0100111001
1110111110
1100111111
1100000101
1111110
00000
11110
0000000011
0001111
0010000001
000000
1111111111
1101111
000000
0011111111
10111
0100111110
00010
1000011111
11000000
0111111011
1000000000
101111
1111000000
1111111110
00001111
0000010000
1111110111
0000000100
0000000000
1001101000
0000000000
111111
11111100
000000
00110
100000
111111010
1001111111
1111111111
0011000000
111110
00110000
1110000
1111111110
00111111
0111111011
1111111111
11111
00000011
1110000
111110
1111111000
01110
1111111111
11111100
1100111111
1101000100
11110
0010001111
01111
1101111111
1111100000
0000000000
11110
111110
111111110
11000
0011111111
1111111111
0000100
1100111111
1111000000
00000
1111111111
0000000000
000000
11110010
1000111
11111110
0011000000
1111110111
01000
1111001011
110000
11000
0000001000
0000010000
111100
001100
111110111
1111101111
11100
1000010001
1011111111
1100000110
1111111111
0011001000
0011111111
1111111110
1000000
1111111111
0111111111
1000011111
0000000
1001111111
0000000000
0011111001
111111
1111111110
1111100001
1110000010
000000000
00000
1111010
111111110
1111000
110000000
101111
111010111
000000
11111110
1111110001
0001000000
0000000000
1110011111
110011
1100100
1000100
00000000
111000
00000000
1001111111
0011111000
1111111111
000001111
1111111111
1111111111
00010000
1111111110
1111111111
111001111
000000000
0111000110
1111110011
000000
0000011
0010000
0000000001
0000000000
01110
0000000000
0000000100
0001110001
1111111000
000100
0000000000
1111100100
000000000
11001111
1111111111
111111100
1111111111
0000010
001011
0000000
1110011001
110001
1111000000
1111100
1111111111
111110
1111110
11111110
10001
10000
00010
1111110
1111111
000000000
1001001111
1111110010
0001100000
111000
1111100001
0011110011
0111111111
1001111111
111100
001000000
000000100
111110
00011010
11110000
1100111111
0000011111
011001
0111000111
1111110000
1110011001
1111111001
110011
110000010
0001111110
111100000
1111111110
0011100
1111100000
011100
1110110
010000000
1111111111
1111111110
111111
11111110
1111100
1000111011
111111100
1111110
100000010
1111110011
1001111111
00000
1111111110
111111
11110
1011111101
1000000
010000000
111000
111100
111000
111111110
1111100
0000000000
1111111111
1111111111
0011110011
0001010111
11001100
111111
111100
0111100
01000010
1111100
0010011111
1111111111
0000000
0000001
1111111110
1110111111
0000000000
0000000000
0000000
01100
1111111000
00010
1100000000
1111111111
000110
1111110
1111111110
0010001
0000000010
011110
0000000000
1111111111
00000000
1111111110
1110010
11110
0000000000
11110
1000011100
000000
100000000
0111111111
0000000000
00000000
1111000
11111
000000
10010
000111
00000000
0000001110
111111110
1111111111
0000000
1111111001
00011000
1111111111
0011110
1111111110
0111111111
00111110
111100110
111111101
00011
1110111100
1111111111
111110
0000000000
0011111111
111100
1111111111
1000111111
1001000000
0000001
10001
011000
111000
0000000100
0010000111
0111100
1001111111
1111110100
1111111111
1101111010
0000000000
1001111111
0111100000
0011111011
1111111100
0011111111
1111111111
11000
1111100111
0111111000
1110000000
1011111111
00000000
1111100110
1111111110
1111110000
1111100001
1111111111
000110
000000001
1111111001
0001100000
0000000000
1111111111
110000000
0000000000
1111111111
1100010000
111011111
000000
110001010
011000000
1000000000
0000000010
10011111
111111
1111100
11110110
1111100110
1111111111
0011110100
1110000
0011111100
0011111111
11000
0000110000
0000110001
111111111
111111000
000011100
111000
1110011011
1101111111
1111111111
1111111111
1111111000
1111111111
1011111111
1111110111
111110
0000000
01010
101101
11110
0000100000
11110000
1000111100
1111111111
1110001
0001111111
000000
0000100011
1000011111
110010111
1111111101
000111110
1111111111
1111111110
11110
1111111111
0011111000
1111001110
0011100000
0000000000
000000100
1011111111
11111110
0000000000
000000
11111110
110010
11111101
00000100
11111100
000000
1001111100
1111110000
111110
001100
000000
10110
001110
0000000
1111111111
11110011
0000011111
11100000
11111110
0111110001
1111000100
1111111
1110000111
1011111111
1111111110
0111111
1100111101
1111101111
1111111111
1111111111
0000100001
0000100
000011111
1110000111
1011111001
0001111111
0000000000
00000000
1111111111
0111111111
0100000
11110
1111110
00000000
1111111001
0000011001
0000000000
1111110111
1111001111
1100000
110110
011110
1111110011
1111100000
11000000
0000000000
1110111001
1100011111
0100000011
111110
1111111111
0011110
011100
100100
1001110001
001000
0001000000
111110
100010
0001000001
00001
1111111110
0001100
1011111111
1111111111
010000
111110
1011110111
0000000000
11111000
1111111111
1111111111
01001
0000001110
010000
1011111111
101110
1111100111
11111111
111100111
1110000000
100110000
0110111111
1110111100
0111111111
00000
00001000
0010000010
110000
1111111110
1011100
001001
1111111111
111011000
1111100000
1111111111
0011100
0001100001
111100110
0000000000
0011000000
00010
0000000000
10001
1111111
1000000000
1111111111
01110000
11111110
1011111111
100000
11111
1011111101
001000
11111000
0000000000
1111100011
0001111111
111111
1111111111
0011111111
01110
10000000
1110001000
0000110
011100
01000
0001111110
101111111
111111111
1011100011
1111111110
111111110
0000110
111000000
10000000
111111011
0000111111
1011110
1100111110
0111111001
1110000
110000
1100001
0000000
1000011111
01000000
0000000000
11111110
000101
1111111110
00000000
000000
0000000
1111111110
11100
111111011
0110001000
111100
1111110
0110011111
1110111011
1111111100
1001100000
0000000001
0000011001
111000000
0000000000
000010
011111000
0000001
1111111111
1000000000
1111111110
00000
110001
111111100
11100
0000000000
1001111111
0000001111
000000110
0100100111
01110
1111111111
0111110
0000000000
11001100
1000000011
1111111111
00000
1111111111
100111
1110011110
11111111
0000000000
1111111100
111011
0000111111
1011111111
1111000011
0000000000
01000
1100000000
110000
10000
1111111111
1111111000
1111111111
101000
0001100000
1110010001
000000
00000
111111111
11000
00001
1011111111
1001001010
0010000001
1111111111
0000000000
1111100100
000000
0010000
0000000
1000110
0011001111
101011
0010000000
1111111000
01000000
1101101111
111111111
1000000
1111111111
1111111111
1111110
1111111111
0000000000
110000
0111100000
00000110
1111001111
11100010
0000011111
001000
1000000000
00111000
0011111111
1111111111
10111111
011111100
1111111111
0000000
111111
1111111100
01111
1111111111
0101111111
00011
0000000000
0001101
10011100
111111
111100000
0000000000
1011110000
1111111111
0000011100
0111000110
11100111
000000
1100000000
011001
1000000
0000000
111111
100111
0110000
00001
000110
0011111110
000000
000000
01110
11000000
000000000
0100011111
1111101111
1111110111
0000000000
0000000000
1111111111
00010
0000001111
111111001
1001111111
1110001100
111111110
0000000011
000000
1111111111
11000
1111101110
1111100000
1110001
00000
000000
1111110011
000000
01101100
0000100
0000000000
1111111100
11111
1000011
1111111111
000110
1000000001
11110000
111111
0000000000
0000000000
1111101111
11110000
1111111100
1111111111
111101
111000000
100100
111100000
1111100111
0000000000
111001
1111111111
0000000000
100001111
00011000
0000000000
1100111111
1000000000
0001111
1110111111
1100000
1100011111
1110011000
011111001
1110000000
1111111101
000011
0001111100
1110000111
010000
111110
1110010001
1111111111
0000001
1011111101
111111001
000000
111000000
0011111110
0011111111
0000000
0000111111
010001
00011110
0000100100
1111111100
1111111111
1111111100
0011111111
0000000000
0000100000
1011110011
0000011111
111100
1101000
1111101011
0111111111
1111111111
00000111
111110
11111100
1100011111
1111111111
0000111111
01000011
0000000000
00000000
1111111001
0100000000
000001
111110
111111
0001101100
0000001111
111110
11111
111111
0000000
110010
1111111111
000000
1000001001
111111100
0000000000
001110000
00000
1111111111
0100000000
1010111111
0110011110
0011110
1000000110
11110
11110
11111000
111100
000000
11110111
000001
11110000
010010
000000
00111000
111111110
0011111
11001
111110
0000100000
0000000000
000000
1110011110
0000000000
1111111111
100001100
1101111110
0000000000
100010000
1111111000
100001000
1111000
1111110011
1111110001
1111111111
000000
0000000000
1111111111
0000000000
0000001111
0110011111
111100
00000000
1111111111
1111111111
111100000
1111111110
0000000100
001000
01111110
1111111111
1000111000
1001101100
0000001111
01111
0000011111
0010111111
1000001111
000000
111110
1111110
111000
1111111111
00000001
11110110
0000111000
1101111111
1101111011
0000000000
1111111111
100011001
000010
000110
1111101111
000000000
1000000010
00000111
1000000000
0000000000
00110001
0000000000
1111111111
1100011
11100
1101100000
000000
1011111001
1111111100
100001
000011
1100111111
11111111
1111101110
01001
01101
101111110
1111000
101111
111110
0111111111
111100
1000000100
1111111111
0110000010
100000
10010
000111100
000100
0000011100
0000000000
1111000
1001111111
111000
1111111001
1111111111
111000
01111
111111000
011111111
0000000
0111000000
1000001100
01100000
110010
10000001
1111111
1100010111
1110010100
00100000
100001
111111
0000111
0010011000
111111000
11111
000011
0111111111
111111101
000000001
1111111111
100000
0011111111
0000000000
1111111111
0011111100
1111100000
1111111111
1000001100
010000
100011
111101111
1111111100
1111111111
11110
00000
1111111111
011111110
1110000110
100000
1111111001
1000000
11110
1111111111
1111111111
0000111111
11110
0011100000
001110
1110000010
01110
1111111111
1111101
11111
1110000
10111
1111111101
000000
0000000000
0110001111
0000011111
00000010
0111111111
1111111111
1101111111
100011
110011
1001111111
1111111111
111000011
0000011110
0011001111
11110
1000111
111100
1110011101
0010000000
1000000000
1111111101
11100
111000
1111111111
00111111
0010011
000011111
1111111111
101000
001110
1111111110
10000000
1111111100
100000
11110
111111100
11111000
11110
1100000
0100000000
0011111110
1111001111
1000000000
1111111111
1110011111
1110011
0000000
0000000011
0000100000
1111111111
10000
00001
111001
000111
0000000000
1111111111
0111111111
111100111
1111111000
0110000000
010010111
111111111
11111
1111111111
011111
1000000000
111000
1111000100
11111100
1110011111
1111111101
0000000000
100111
1111011111
1000000
1111111111
1101111111
111111
0100000
111100001
1111111111
111111100
0111011111
1111111111
000000010
000000
111110
011111100
0010000110
1011111111
1111000011
1111001111
0000000
0000000000
1111110000
0111111
1110000000
1100000
0000000000
1000011111
00000
10100
1111100100
110000
1100010
0011100111
1111000000
111111
1000000
1111110
0111111001
000000
10001111
00000100
1111100000
0000000001
1111111111
1101111111
1111111111
01000001
011111110
1110000000
100011000
0000000000
1000001000
11111110
00000010
01000000
1111111111
111100
1111100111
0001000
1111110
111110
0011101110
11111110
1111111110
1100000000
1111111111
111111110
11111
100000
01100
001110000
1111100010
1111111110
1001111
1100000011
1001111111
11111100
011100110
0000100000
0111100000
1111011100
1111111111
1000000110
1000001
1111111110
1111100111
1111000000
0011000100
101111
1111111000
111100
1011010
10010
0111111111
000000000
1111111111
0000011111
11000
000000
1111111111
1110100
1110111
1111111001
101111
0111111111
100000
010001
0000011111
1000001000
111011
1111000000
00000
000000
00000
0000000000
1111111110
0000000000
1111101001
110010011
0000000000
011000
11111111
00000000
00010
111110
1111111111
0000000111
0000000
111000
0111111
0000000111
1101111110
111100
1100000000
10000
1101111111
1111111110
1100111111
1111111111
0000000011
1111111111
11110
1111000
1111111111
11111110
000000000
000000000
00000
0011111110
110000
1111111111
0000000000
111111
0011111111
000000
00110000
011000110
11110
100000
1000000111
1001111110
100111
111100
1111110
1000000000
11111
11000
1000000011
0000000001
1111111011
100001100
0000000000
0000000000
100000
1000001101
0000001011
10000
0000000
1110000001
0011111100
1111111111
100000
11111001
1111111110
00000
1111001111
1111111101
11001000
00000
0001100111
00000000
111111
1111100
0000000111
00000
1111111111
0000000000
00110
1111111111
11111110
1111111111
0111111111
001110
10011101
1000001111
0000000000
